-------------- with 50% random switch and local search -------------- 
2020-03-18 18:57:11 ants:10 alpha:1 beta:3 evaporation:0.8 iteration:1000 RESULT: 468.68 PATH: [0, 31, 10, 37, 4, 48, 8, 49, 15, 1, 28, 20, 33, 29, 9, 38, 32, 44, 14, 43, 36, 16, 3, 46, 11, 45, 50, 26, 47, 5, 13, 24, 12, 40, 18, 41, 39, 17, 23, 22, 6, 42, 25, 7, 30, 27, 2, 19, 34, 35, 21, 0]
2020-03-18 18:57:58 ants:20 alpha:1 beta:2 evaporation:0.6 iteration:1000 RESULT: 464.81 PATH: [0, 31, 10, 37, 4, 48, 8, 49, 15, 1, 28, 20, 33, 29, 9, 38, 32, 44, 14, 43, 36, 16, 3, 46, 11, 45, 50, 26, 47, 5, 13, 24, 12, 40, 18, 41, 39, 17, 23, 42, 6, 22, 25, 7, 30, 27, 2, 19, 34, 35, 21, 0]
2020-03-18 18:58:44 ants:20 alpha:1.5 beta:3.5 evaporation:0.8 iteration:1000 RESULT: 483.1 PATH: [0, 31, 10, 37, 4, 48, 8, 49, 15, 1, 21, 7, 25, 30, 27, 2, 19, 34, 35, 28, 20, 33, 29, 9, 38, 32, 44, 14, 43, 36, 16, 3, 17, 24, 13, 5, 47, 26, 50, 45, 11, 46, 40, 18, 41, 39, 12, 23, 42, 22, 6, 0]
2020-03-18 18:59:08 ants:10 alpha:1 beta:3.5 evaporation:0.9 iteration:1000 RESULT: 464.81 PATH: [0, 31, 10, 37, 4, 48, 8, 49, 15, 1, 28, 20, 33, 29, 9, 38, 32, 44, 14, 43, 36, 16, 3, 46, 11, 45, 50, 26, 47, 5, 13, 24, 12, 40, 18, 41, 39, 17, 23, 42, 6, 22, 25, 7, 30, 27, 2, 19, 34, 35, 21, 0]
2020-03-18 18:59:31 ants:10 alpha:1 beta:3 evaporation:0.7 iteration:1000 RESULT: 461.43 PATH: [0, 31, 10, 37, 4, 48, 8, 49, 15, 1, 28, 20, 33, 29, 9, 38, 32, 44, 14, 43, 36, 16, 3, 46, 11, 45, 50, 26, 47, 5, 13, 24, 12, 40, 18, 41, 39, 17, 23, 42, 22, 6, 25, 7, 30, 27, 2, 19, 34, 35, 21, 0]
2020-03-18 19:03:22 ants:100 alpha:1 beta:3.5 evaporation:0.6 iteration:1000 RESULT: 460.6 PATH: [0, 31, 10, 37, 4, 48, 8, 49, 15, 1, 19, 34, 35, 2, 27, 30, 7, 25, 6, 22, 23, 42, 17, 3, 46, 11, 45, 50, 26, 47, 5, 13, 24, 12, 40, 18, 39, 41, 43, 36, 16, 14, 44, 32, 9, 38, 29, 33, 20, 28, 21, 0]
2020-03-18 19:03:45 ants:10 alpha:1.5 beta:3 evaporation:0.9 iteration:1000 RESULT: 515.33 PATH: [0, 31, 10, 37, 8, 49, 15, 28, 20, 33, 29, 9, 38, 32, 44, 14, 43, 36, 16, 3, 17, 46, 11, 50, 45, 26, 47, 5, 13, 24, 12, 40, 18, 41, 39, 4, 48, 22, 23, 42, 6, 25, 7, 30, 27, 19, 2, 34, 35, 1, 21, 0]
2020-03-18 19:07:36 ants:100 alpha:1.5 beta:3 evaporation:0.6 iteration:1000 RESULT: 463.91 PATH: [0, 31, 10, 37, 4, 48, 8, 49, 15, 1, 28, 20, 33, 29, 9, 38, 32, 44, 14, 43, 36, 16, 3, 17, 46, 11, 45, 50, 26, 47, 5, 13, 24, 12, 40, 39, 18, 41, 23, 42, 22, 6, 25, 7, 30, 27, 2, 19, 34, 35, 21, 0]
2020-03-18 19:08:00 ants:10 alpha:1 beta:3.5 evaporation:0.9 iteration:1000 RESULT: 464.27 PATH: [0, 31, 10, 37, 4, 48, 8, 49, 15, 1, 28, 20, 33, 29, 9, 38, 32, 44, 14, 43, 36, 16, 3, 17, 46, 11, 45, 50, 26, 47, 5, 13, 24, 12, 40, 18, 41, 39, 23, 42, 22, 6, 25, 7, 30, 27, 19, 34, 35, 2, 21, 0]
2020-03-18 19:08:23 ants:10 alpha:1 beta:3.5 evaporation:0.7 iteration:1000 RESULT: 470.17 PATH: [0, 31, 10, 37, 4, 48, 8, 49, 15, 1, 28, 20, 33, 29, 9, 38, 32, 44, 14, 43, 36, 16, 3, 17, 46, 11, 45, 50, 26, 47, 22, 6, 42, 23, 13, 24, 12, 40, 18, 41, 39, 5, 7, 25, 30, 27, 2, 19, 34, 35, 21, 0]
2020-03-18 19:09:09 ants:20 alpha:1.5 beta:3.5 evaporation:0.9 iteration:1000 RESULT: 472.68 PATH: [0, 31, 10, 37, 48, 8, 49, 15, 1, 28, 20, 33, 29, 9, 38, 32, 44, 14, 43, 36, 16, 3, 17, 13, 24, 12, 40, 18, 39, 41, 4, 46, 11, 45, 50, 26, 47, 5, 22, 6, 42, 23, 7, 25, 30, 27, 2, 19, 34, 35, 21, 0]
2020-03-18 19:12:57 ants:100 alpha:1.5 beta:3.5 evaporation:0.6 iteration:1000 RESULT: 479.43 PATH: [0, 31, 10, 37, 4, 48, 8, 49, 15, 1, 28, 20, 33, 29, 9, 38, 32, 44, 14, 43, 36, 16, 46, 11, 45, 50, 26, 5, 47, 7, 25, 30, 27, 2, 19, 34, 35, 21, 22, 6, 42, 23, 13, 24, 12, 40, 39, 41, 18, 3, 17, 0]
2020-03-18 19:13:44 ants:20 alpha:1.5 beta:3 evaporation:0.6 iteration:1000 RESULT: 508.62 PATH: [0, 31, 10, 37, 8, 48, 4, 43, 16, 36, 14, 44, 32, 38, 9, 29, 33, 49, 20, 28, 15, 1, 21, 2, 19, 34, 35, 27, 30, 7, 25, 6, 22, 23, 42, 47, 5, 26, 50, 45, 11, 46, 3, 17, 24, 13, 12, 40, 18, 41, 39, 0]
2020-03-18 19:17:36 ants:100 alpha:1 beta:3 evaporation:0.8 iteration:1000 RESULT: 459.26 PATH: [0, 31, 10, 37, 4, 48, 8, 49, 15, 1, 28, 20, 33, 29, 9, 38, 32, 44, 14, 43, 36, 16, 46, 11, 45, 50, 26, 47, 22, 6, 42, 23, 13, 24, 12, 40, 18, 41, 39, 3, 17, 5, 7, 25, 30, 27, 2, 19, 34, 35, 21, 0]
2020-03-18 19:18:22 ants:20 alpha:1.5 beta:3.5 evaporation:0.6 iteration:1000 RESULT: 475.83 PATH: [0, 31, 10, 37, 4, 48, 8, 49, 15, 1, 28, 20, 33, 29, 9, 38, 32, 44, 14, 43, 36, 16, 3, 46, 11, 45, 50, 26, 5, 47, 22, 6, 42, 23, 13, 24, 12, 40, 18, 39, 41, 17, 21, 19, 34, 35, 2, 27, 30, 7, 25, 0]
2020-03-18 19:22:13 ants:100 alpha:1 beta:3.5 evaporation:0.6 iteration:1000 RESULT: 461.43 PATH: [0, 31, 10, 37, 4, 48, 8, 49, 15, 1, 28, 20, 33, 29, 9, 38, 32, 44, 14, 43, 36, 16, 3, 46, 11, 45, 50, 26, 47, 5, 13, 24, 12, 40, 18, 41, 39, 17, 23, 42, 22, 6, 25, 7, 30, 27, 2, 19, 34, 35, 21, 0]
2020-03-18 19:26:05 ants:100 alpha:1 beta:2 evaporation:0.8 iteration:1000 RESULT: 461.43 PATH: [0, 31, 10, 37, 4, 48, 8, 49, 15, 1, 28, 20, 33, 29, 9, 38, 32, 44, 14, 43, 36, 16, 3, 46, 11, 45, 50, 26, 47, 5, 13, 24, 12, 40, 18, 41, 39, 17, 23, 42, 22, 6, 25, 7, 30, 27, 2, 19, 34, 35, 21, 0]
2020-03-18 19:32:17 ants:100 alpha:1.5 beta:3.5 evaporation:0.7 iteration:1000 RESULT: 478.98 PATH: [0, 31, 10, 37, 4, 48, 8, 15, 20, 49, 33, 29, 9, 38, 32, 44, 14, 43, 36, 16, 3, 17, 46, 11, 45, 50, 26, 5, 13, 24, 12, 40, 18, 41, 39, 42, 23, 22, 6, 47, 7, 25, 30, 27, 2, 19, 34, 35, 28, 1, 21, 0]
2020-03-18 19:36:09 ants:100 alpha:1 beta:2 evaporation:0.7 iteration:1000 RESULT: 461.27 PATH: [0, 31, 10, 37, 4, 48, 8, 49, 15, 1, 28, 20, 33, 29, 9, 38, 32, 44, 14, 43, 41, 39, 18, 40, 12, 24, 13, 17, 3, 16, 36, 11, 46, 45, 50, 26, 5, 47, 22, 6, 42, 23, 25, 30, 27, 2, 19, 34, 35, 21, 7, 0]
2020-03-18 19:36:56 ants:20 alpha:1 beta:3 evaporation:0.7 iteration:1000 RESULT: 464.82 PATH: [0, 31, 10, 37, 4, 48, 8, 49, 15, 1, 28, 20, 33, 29, 9, 38, 32, 44, 14, 43, 36, 16, 3, 17, 46, 11, 45, 50, 26, 47, 5, 13, 24, 12, 40, 18, 41, 39, 23, 42, 22, 6, 25, 7, 30, 27, 2, 19, 34, 35, 21, 0]
2020-03-18 19:37:20 ants:10 alpha:1 beta:2 evaporation:0.8 iteration:1000 RESULT: 462.39 PATH: [0, 31, 10, 37, 4, 48, 8, 49, 15, 1, 28, 20, 33, 29, 9, 38, 32, 44, 14, 43, 36, 16, 3, 46, 11, 45, 50, 26, 47, 22, 6, 42, 23, 13, 24, 12, 40, 18, 41, 39, 17, 5, 7, 25, 30, 27, 2, 19, 34, 35, 21, 0]
2020-03-18 19:38:06 ants:20 alpha:1 beta:2 evaporation:0.9 iteration:1000 RESULT: 467.85 PATH: [0, 31, 10, 37, 4, 48, 8, 49, 15, 1, 28, 20, 33, 29, 9, 38, 32, 44, 14, 43, 36, 16, 3, 17, 46, 11, 45, 50, 26, 47, 5, 13, 24, 12, 40, 18, 41, 39, 23, 22, 42, 6, 25, 7, 30, 27, 2, 19, 34, 35, 21, 0]
2020-03-18 19:38:30 ants:10 alpha:1 beta:3.5 evaporation:0.7 iteration:1000 RESULT: 468.2 PATH: [0, 31, 10, 37, 4, 48, 8, 49, 15, 1, 28, 20, 33, 29, 9, 38, 32, 44, 14, 43, 36, 16, 3, 17, 46, 11, 45, 50, 26, 47, 5, 13, 24, 12, 40, 18, 41, 39, 23, 42, 6, 22, 25, 7, 30, 27, 2, 19, 34, 35, 21, 0]
2020-03-18 19:42:21 ants:100 alpha:1 beta:3.5 evaporation:0.6 iteration:1000 RESULT: 461.38 PATH: [0, 31, 10, 37, 4, 11, 45, 50, 26, 47, 5, 13, 17, 46, 3, 16, 36, 14, 44, 32, 9, 38, 29, 33, 20, 28, 19, 34, 35, 2, 27, 30, 7, 25, 6, 22, 23, 42, 24, 12, 40, 18, 39, 41, 43, 48, 8, 49, 15, 1, 21, 0]
2020-03-18 19:43:07 ants:20 alpha:1.5 beta:3 evaporation:0.7 iteration:1000 RESULT: 517.02 PATH: [0, 31, 10, 37, 4, 11, 46, 17, 3, 16, 36, 43, 14, 44, 32, 38, 9, 48, 8, 49, 33, 29, 20, 28, 19, 34, 35, 2, 27, 30, 7, 25, 6, 22, 23, 13, 24, 12, 39, 41, 18, 40, 26, 50, 45, 5, 47, 42, 21, 1, 15, 0]
2020-03-18 19:43:31 ants:10 alpha:1 beta:3 evaporation:0.8 iteration:1000 RESULT: 461.43 PATH: [0, 31, 10, 37, 4, 48, 8, 49, 15, 1, 28, 20, 33, 29, 9, 38, 32, 44, 14, 43, 36, 16, 3, 46, 11, 45, 50, 26, 47, 5, 13, 24, 12, 40, 18, 41, 39, 17, 23, 42, 22, 6, 25, 7, 30, 27, 2, 19, 34, 35, 21, 0]
2020-03-18 19:43:54 ants:10 alpha:1.5 beta:2 evaporation:0.7 iteration:1000 RESULT: 515.52 PATH: [0, 31, 10, 15, 49, 8, 37, 4, 48, 9, 29, 33, 20, 28, 1, 21, 2, 19, 34, 35, 27, 30, 7, 25, 42, 6, 22, 23, 13, 24, 12, 40, 18, 3, 41, 39, 17, 11, 46, 16, 36, 43, 14, 44, 32, 38, 45, 50, 26, 5, 47, 0]
2020-03-18 19:44:18 ants:10 alpha:1 beta:3 evaporation:0.7 iteration:1000 RESULT: 467.19 PATH: [0, 31, 10, 37, 4, 48, 8, 49, 15, 1, 28, 20, 33, 29, 9, 38, 32, 44, 14, 43, 36, 16, 3, 17, 46, 11, 45, 50, 26, 47, 5, 13, 24, 12, 40, 18, 41, 39, 23, 22, 6, 42, 25, 7, 30, 27, 2, 35, 34, 19, 21, 0]
2020-03-18 19:48:10 ants:100 alpha:1.5 beta:3 evaporation:0.9 iteration:1000 RESULT: 464.82 PATH: [0, 31, 10, 37, 4, 48, 8, 49, 15, 1, 28, 20, 33, 29, 9, 38, 32, 44, 14, 43, 36, 16, 3, 17, 46, 11, 45, 50, 26, 47, 5, 13, 24, 12, 40, 18, 41, 39, 23, 42, 22, 6, 25, 7, 30, 27, 2, 19, 34, 35, 21, 0]
2020-03-18 19:48:34 ants:10 alpha:1 beta:3.5 evaporation:0.6 iteration:1000 RESULT: 462.39 PATH: [0, 31, 10, 37, 4, 48, 8, 49, 15, 1, 28, 20, 33, 29, 9, 38, 32, 44, 14, 43, 36, 16, 3, 46, 11, 45, 50, 26, 47, 22, 6, 42, 23, 13, 24, 12, 40, 18, 41, 39, 17, 5, 7, 25, 30, 27, 2, 19, 34, 35, 21, 0]
2020-03-18 19:49:21 ants:20 alpha:1 beta:3 evaporation:0.7 iteration:1000 RESULT: 464.81 PATH: [0, 31, 10, 37, 4, 48, 8, 49, 15, 1, 28, 20, 33, 29, 9, 38, 32, 44, 14, 43, 36, 16, 3, 46, 11, 45, 50, 26, 47, 5, 13, 24, 12, 40, 18, 41, 39, 17, 23, 42, 6, 22, 25, 7, 30, 27, 2, 19, 34, 35, 21, 0]
2020-03-18 19:49:44 ants:10 alpha:1 beta:3 evaporation:0.9 iteration:1000 RESULT: 464.82 PATH: [0, 31, 10, 37, 4, 48, 8, 49, 15, 1, 28, 20, 33, 29, 9, 38, 32, 44, 14, 43, 36, 16, 3, 17, 46, 11, 45, 50, 26, 47, 5, 13, 24, 12, 40, 18, 41, 39, 23, 42, 22, 6, 25, 7, 30, 27, 2, 19, 34, 35, 21, 0]
2020-03-18 19:50:31 ants:20 alpha:1 beta:3.5 evaporation:0.7 iteration:1000 RESULT: 462.39 PATH: [0, 31, 10, 37, 4, 48, 8, 49, 15, 1, 28, 20, 33, 29, 9, 38, 32, 44, 14, 43, 36, 16, 3, 46, 11, 45, 50, 26, 47, 22, 6, 42, 23, 13, 24, 12, 40, 18, 41, 39, 17, 5, 7, 25, 30, 27, 2, 19, 34, 35, 21, 0]
2020-03-18 19:54:20 ants:100 alpha:1.5 beta:3.5 evaporation:0.7 iteration:1000 RESULT: 464.38 PATH: [0, 31, 10, 37, 4, 48, 8, 49, 15, 1, 28, 20, 33, 29, 9, 38, 32, 44, 14, 43, 36, 16, 3, 17, 46, 11, 45, 50, 26, 47, 22, 6, 42, 23, 13, 24, 12, 40, 39, 18, 41, 5, 7, 25, 30, 27, 2, 19, 34, 35, 21, 0]
2020-03-18 19:54:43 ants:10 alpha:1 beta:3 evaporation:0.6 iteration:1000 RESULT: 470.17 PATH: [0, 31, 10, 37, 4, 48, 8, 49, 15, 1, 28, 20, 33, 29, 9, 38, 32, 44, 14, 43, 36, 16, 3, 17, 46, 11, 45, 50, 26, 47, 22, 6, 42, 23, 13, 24, 12, 40, 18, 41, 39, 5, 7, 25, 30, 27, 2, 19, 34, 35, 21, 0]
2020-03-18 19:55:30 ants:20 alpha:1 beta:3 evaporation:0.6 iteration:1000 RESULT: 464.82 PATH: [0, 31, 10, 37, 4, 48, 8, 49, 15, 1, 28, 20, 33, 29, 9, 38, 32, 44, 14, 43, 36, 16, 3, 17, 46, 11, 45, 50, 26, 47, 5, 13, 24, 12, 40, 18, 41, 39, 23, 42, 22, 6, 25, 7, 30, 27, 2, 19, 34, 35, 21, 0]
2020-03-18 19:56:16 ants:20 alpha:1.5 beta:2 evaporation:0.9 iteration:1000 RESULT: 502.95 PATH: [0, 31, 10, 37, 4, 48, 8, 49, 15, 1, 19, 34, 35, 2, 28, 20, 33, 29, 9, 38, 32, 44, 14, 43, 41, 40, 12, 18, 39, 16, 36, 11, 46, 3, 17, 13, 24, 42, 6, 22, 23, 5, 26, 50, 45, 7, 25, 30, 27, 21, 47, 0]
2020-03-18 19:57:03 ants:20 alpha:1 beta:3 evaporation:0.9 iteration:1000 RESULT: 463.42 PATH: [0, 31, 10, 37, 4, 48, 8, 49, 15, 1, 28, 20, 33, 29, 9, 38, 32, 44, 14, 43, 36, 16, 3, 17, 46, 11, 45, 50, 26, 5, 13, 24, 12, 40, 18, 41, 39, 23, 42, 6, 22, 47, 7, 25, 30, 27, 2, 19, 34, 35, 21, 0]
2020-03-18 19:57:49 ants:20 alpha:1.5 beta:3.5 evaporation:0.6 iteration:1000 RESULT: 472.7 PATH: [0, 31, 10, 37, 48, 8, 49, 15, 28, 20, 33, 29, 9, 38, 32, 44, 14, 43, 36, 16, 3, 17, 13, 24, 12, 40, 18, 41, 39, 4, 11, 46, 50, 45, 26, 5, 47, 22, 23, 42, 6, 25, 7, 30, 27, 2, 19, 34, 35, 1, 21, 0]
2020-03-18 19:58:12 ants:10 alpha:1 beta:3 evaporation:0.6 iteration:1000 RESULT: 476.76 PATH: [0, 31, 10, 37, 8, 49, 15, 1, 28, 20, 33, 29, 48, 4, 11, 46, 3, 17, 5, 22, 6, 42, 23, 13, 24, 12, 40, 18, 41, 39, 16, 36, 43, 14, 44, 32, 38, 9, 45, 50, 26, 47, 7, 25, 30, 27, 2, 19, 34, 35, 21, 0]
2020-03-18 20:02:05 ants:100 alpha:1 beta:3 evaporation:0.6 iteration:1000 RESULT: 460.03 PATH: [0, 31, 10, 37, 4, 48, 8, 49, 15, 1, 28, 20, 33, 29, 9, 38, 32, 44, 14, 43, 36, 16, 3, 46, 11, 45, 50, 26, 5, 13, 24, 12, 40, 18, 41, 39, 17, 23, 42, 6, 22, 47, 7, 25, 30, 27, 2, 19, 34, 35, 21, 0]
2020-03-18 20:05:55 ants:100 alpha:1.5 beta:3.5 evaporation:0.8 iteration:1000 RESULT: 466.43 PATH: [0, 31, 10, 37, 4, 48, 8, 49, 15, 1, 28, 20, 33, 29, 9, 38, 32, 44, 14, 43, 36, 16, 3, 46, 11, 45, 50, 26, 5, 47, 22, 6, 42, 23, 13, 24, 12, 40, 39, 18, 41, 17, 7, 25, 30, 27, 2, 19, 34, 35, 21, 0]
2020-03-18 20:06:18 ants:10 alpha:1.5 beta:3.5 evaporation:0.7 iteration:1000 RESULT: 549.88 PATH: [0, 21, 27, 30, 7, 25, 6, 22, 23, 42, 5, 13, 24, 12, 39, 18, 40, 41, 16, 36, 43, 14, 44, 32, 38, 9, 48, 8, 49, 15, 1, 28, 20, 33, 29, 31, 10, 37, 26, 50, 11, 4, 45, 46, 3, 17, 47, 19, 2, 34, 35, 0]
2020-03-18 20:10:09 ants:100 alpha:1 beta:3.5 evaporation:0.9 iteration:1000 RESULT: 460.03 PATH: [0, 31, 10, 37, 4, 48, 8, 49, 15, 1, 28, 20, 33, 29, 9, 38, 32, 44, 14, 43, 36, 16, 3, 46, 11, 45, 50, 26, 5, 13, 24, 12, 40, 18, 41, 39, 17, 23, 42, 6, 22, 47, 7, 25, 30, 27, 2, 19, 34, 35, 21, 0]
2020-03-18 20:10:33 ants:10 alpha:1.5 beta:3.5 evaporation:0.9 iteration:1000 RESULT: 498.76 PATH: [0, 31, 10, 37, 8, 49, 33, 29, 9, 38, 32, 44, 14, 43, 36, 16, 3, 17, 24, 13, 23, 22, 6, 42, 7, 25, 47, 5, 26, 50, 45, 11, 46, 12, 40, 18, 41, 39, 4, 48, 15, 20, 28, 19, 34, 35, 2, 27, 30, 21, 1, 0]
2020-03-18 20:14:24 ants:100 alpha:1.5 beta:3 evaporation:0.9 iteration:1000 RESULT: 463.91 PATH: [0, 31, 10, 37, 4, 48, 8, 49, 15, 1, 28, 20, 33, 29, 9, 38, 32, 44, 14, 43, 36, 16, 3, 17, 46, 11, 45, 50, 26, 47, 5, 13, 24, 12, 40, 39, 18, 41, 23, 42, 22, 6, 25, 7, 30, 27, 2, 19, 34, 35, 21, 0]
2020-03-18 20:18:13 ants:100 alpha:1.5 beta:3 evaporation:0.7 iteration:1000 RESULT: 475.7 PATH: [0, 31, 10, 37, 4, 48, 8, 49, 15, 28, 20, 33, 29, 9, 38, 32, 44, 14, 43, 16, 36, 3, 17, 13, 24, 12, 40, 18, 41, 39, 46, 11, 45, 50, 26, 47, 5, 23, 42, 6, 22, 7, 25, 30, 27, 2, 19, 34, 35, 21, 1, 0]
2020-03-18 20:19:01 ants:20 alpha:1 beta:2 evaporation:0.9 iteration:1000 RESULT: 464.81 PATH: [0, 31, 10, 37, 4, 48, 8, 49, 15, 1, 28, 20, 33, 29, 9, 38, 32, 44, 14, 43, 36, 16, 3, 46, 11, 45, 50, 26, 47, 5, 13, 24, 12, 40, 18, 41, 39, 17, 23, 42, 6, 22, 25, 7, 30, 27, 2, 19, 34, 35, 21, 0]
2020-03-18 20:19:25 ants:10 alpha:1 beta:3 evaporation:0.9 iteration:1000 RESULT: 478.15 PATH: [0, 31, 10, 37, 8, 48, 4, 11, 46, 3, 16, 36, 43, 14, 44, 32, 38, 9, 29, 33, 20, 28, 19, 34, 35, 2, 27, 30, 25, 7, 47, 22, 6, 42, 23, 13, 24, 12, 40, 18, 41, 39, 17, 5, 50, 45, 26, 21, 1, 15, 49, 0]
2020-03-18 20:19:48 ants:10 alpha:1.5 beta:3.5 evaporation:0.9 iteration:1000 RESULT: 499.3 PATH: [0, 31, 10, 37, 8, 15, 28, 20, 1, 19, 34, 35, 2, 27, 30, 7, 25, 22, 6, 42, 23, 13, 24, 39, 41, 18, 40, 12, 43, 14, 44, 32, 38, 9, 29, 33, 49, 48, 4, 36, 16, 3, 46, 11, 45, 50, 17, 5, 47, 26, 21, 0]
2020-03-18 20:20:35 ants:20 alpha:1 beta:2 evaporation:0.8 iteration:1000 RESULT: 462.39 PATH: [0, 31, 10, 37, 4, 48, 8, 49, 15, 1, 28, 20, 33, 29, 9, 38, 32, 44, 14, 43, 36, 16, 3, 46, 11, 45, 50, 26, 47, 22, 6, 42, 23, 13, 24, 12, 40, 18, 41, 39, 17, 5, 7, 25, 30, 27, 2, 19, 34, 35, 21, 0]
2020-03-18 20:24:28 ants:100 alpha:1 beta:3 evaporation:0.7 iteration:1000 RESULT: 461.43 PATH: [0, 31, 10, 37, 4, 48, 8, 49, 15, 1, 28, 20, 33, 29, 9, 38, 32, 44, 14, 43, 36, 16, 3, 46, 11, 45, 50, 26, 47, 5, 13, 24, 12, 40, 18, 41, 39, 17, 23, 42, 22, 6, 25, 7, 30, 27, 2, 19, 34, 35, 21, 0]
2020-03-18 20:25:14 ants:20 alpha:1.5 beta:3 evaporation:0.9 iteration:1000 RESULT: 499.78 PATH: [0, 31, 10, 37, 8, 49, 15, 1, 21, 26, 50, 45, 11, 46, 3, 17, 24, 13, 23, 22, 6, 42, 25, 7, 30, 27, 2, 19, 34, 35, 28, 20, 33, 29, 38, 9, 48, 4, 16, 36, 14, 44, 32, 43, 41, 18, 40, 12, 39, 5, 47, 0]
2020-03-18 20:29:03 ants:100 alpha:1.5 beta:3.5 evaporation:0.9 iteration:1000 RESULT: 463.42 PATH: [0, 31, 10, 37, 4, 48, 8, 49, 15, 1, 28, 20, 33, 29, 9, 38, 32, 44, 14, 43, 36, 16, 3, 17, 46, 11, 45, 50, 26, 5, 13, 24, 12, 40, 18, 41, 39, 23, 42, 6, 22, 47, 7, 25, 30, 27, 2, 19, 34, 35, 21, 0]
2020-03-18 20:29:50 ants:20 alpha:1.5 beta:3 evaporation:0.9 iteration:1000 RESULT: 501.95 PATH: [0, 31, 10, 37, 8, 48, 4, 11, 46, 3, 17, 13, 24, 12, 18, 40, 39, 41, 43, 36, 16, 14, 44, 32, 9, 38, 29, 33, 49, 15, 1, 21, 27, 2, 19, 34, 35, 28, 20, 45, 50, 5, 26, 47, 7, 30, 25, 6, 22, 23, 42, 0]
2020-03-18 20:30:13 ants:10 alpha:1.5 beta:3.5 evaporation:0.8 iteration:1000 RESULT: 479.46 PATH: [0, 31, 10, 37, 8, 48, 4, 36, 16, 3, 17, 46, 11, 50, 45, 26, 47, 5, 13, 24, 12, 40, 18, 39, 41, 43, 14, 44, 32, 9, 38, 29, 33, 20, 28, 19, 34, 35, 2, 27, 30, 25, 7, 6, 22, 23, 42, 21, 1, 15, 49, 0]
2020-03-18 20:30:37 ants:10 alpha:1 beta:3 evaporation:0.6 iteration:1000 RESULT: 486.35 PATH: [0, 31, 10, 37, 4, 48, 8, 49, 15, 1, 21, 7, 25, 30, 27, 2, 19, 34, 35, 28, 20, 33, 29, 9, 38, 32, 14, 44, 43, 36, 16, 3, 46, 11, 45, 50, 26, 47, 22, 6, 42, 23, 13, 24, 17, 12, 40, 18, 41, 39, 5, 0]
2020-03-18 20:31:24 ants:20 alpha:1 beta:3.5 evaporation:0.6 iteration:1000 RESULT: 464.82 PATH: [0, 31, 10, 37, 4, 48, 8, 49, 15, 1, 28, 20, 33, 29, 9, 38, 32, 44, 14, 43, 36, 16, 3, 17, 46, 11, 45, 50, 26, 47, 5, 13, 24, 12, 40, 18, 41, 39, 23, 42, 22, 6, 25, 7, 30, 27, 2, 19, 34, 35, 21, 0]
2020-03-18 20:31:47 ants:10 alpha:1.5 beta:3 evaporation:0.6 iteration:1000 RESULT: 503.0 PATH: [0, 31, 26, 5, 47, 7, 30, 27, 2, 19, 34, 35, 21, 1, 10, 37, 4, 48, 8, 49, 15, 20, 28, 33, 29, 9, 38, 32, 44, 14, 36, 16, 3, 17, 46, 11, 45, 50, 13, 24, 12, 40, 39, 18, 41, 43, 23, 42, 22, 6, 25, 0]
2020-03-18 20:35:37 ants:100 alpha:1.5 beta:3.5 evaporation:0.9 iteration:1000 RESULT: 470.17 PATH: [0, 31, 10, 37, 4, 48, 8, 49, 15, 1, 28, 20, 33, 29, 9, 38, 32, 44, 14, 43, 36, 16, 3, 17, 46, 11, 45, 50, 26, 47, 22, 6, 42, 23, 13, 24, 12, 40, 18, 41, 39, 5, 7, 25, 30, 27, 2, 19, 34, 35, 21, 0]
2020-03-18 20:36:24 ants:20 alpha:1 beta:3.5 evaporation:0.9 iteration:1000 RESULT: 464.82 PATH: [0, 31, 10, 37, 4, 48, 8, 49, 15, 1, 28, 20, 33, 29, 9, 38, 32, 44, 14, 43, 36, 16, 3, 17, 46, 11, 45, 50, 26, 47, 5, 13, 24, 12, 40, 18, 41, 39, 23, 42, 22, 6, 25, 7, 30, 27, 2, 19, 34, 35, 21, 0]
2020-03-18 20:37:10 ants:20 alpha:1.5 beta:3.5 evaporation:0.6 iteration:1000 RESULT: 523.99 PATH: [0, 31, 10, 37, 8, 49, 15, 1, 21, 7, 30, 27, 2, 19, 34, 35, 28, 20, 33, 29, 9, 48, 4, 11, 17, 46, 45, 50, 3, 16, 36, 14, 43, 44, 32, 38, 39, 40, 18, 41, 12, 24, 13, 23, 42, 25, 6, 22, 5, 47, 26, 0]
2020-03-18 20:41:02 ants:100 alpha:1.5 beta:2 evaporation:0.6 iteration:1000 RESULT: 471.41 PATH: [0, 31, 10, 37, 4, 48, 8, 49, 15, 1, 28, 20, 33, 29, 9, 38, 32, 44, 14, 43, 36, 16, 3, 46, 11, 45, 50, 26, 5, 47, 22, 6, 42, 23, 13, 24, 12, 40, 18, 41, 39, 17, 7, 25, 30, 27, 2, 19, 34, 35, 21, 0]
2020-03-18 20:41:48 ants:20 alpha:1.5 beta:3.5 evaporation:0.7 iteration:1000 RESULT: 523.76 PATH: [0, 21, 27, 30, 7, 25, 6, 22, 23, 42, 47, 5, 13, 24, 17, 3, 16, 36, 14, 43, 41, 18, 40, 12, 39, 4, 37, 10, 31, 26, 50, 45, 11, 46, 44, 32, 38, 9, 48, 8, 49, 15, 1, 28, 20, 33, 29, 34, 35, 2, 19, 0]
2020-03-18 20:42:34 ants:20 alpha:1.5 beta:3 evaporation:0.7 iteration:1000 RESULT: 499.83 PATH: [0, 31, 10, 37, 4, 48, 8, 49, 15, 1, 21, 7, 25, 30, 27, 2, 19, 34, 35, 28, 20, 33, 29, 9, 38, 44, 32, 43, 41, 18, 40, 12, 39, 24, 13, 23, 42, 6, 22, 47, 5, 26, 50, 45, 11, 46, 17, 3, 16, 36, 14, 0]
2020-03-18 20:42:58 ants:10 alpha:1 beta:3 evaporation:0.8 iteration:1000 RESULT: 463.32 PATH: [0, 31, 10, 37, 4, 48, 8, 49, 15, 1, 28, 20, 33, 29, 9, 38, 32, 44, 14, 43, 36, 16, 3, 17, 46, 11, 45, 50, 26, 47, 5, 13, 24, 12, 40, 18, 41, 39, 23, 42, 6, 22, 25, 7, 30, 27, 2, 35, 34, 19, 21, 0]
2020-03-18 20:43:21 ants:10 alpha:1 beta:3.5 evaporation:0.8 iteration:1000 RESULT: 464.82 PATH: [0, 31, 10, 37, 4, 48, 8, 49, 15, 1, 28, 20, 33, 29, 9, 38, 32, 44, 14, 43, 36, 16, 3, 17, 46, 11, 45, 50, 26, 47, 5, 13, 24, 12, 40, 18, 41, 39, 23, 42, 22, 6, 25, 7, 30, 27, 2, 19, 34, 35, 21, 0]
2020-03-18 20:43:45 ants:10 alpha:1 beta:3.5 evaporation:0.6 iteration:1000 RESULT: 457.39 PATH: [0, 31, 10, 37, 4, 48, 8, 49, 15, 1, 28, 20, 33, 29, 9, 38, 32, 44, 14, 43, 36, 16, 3, 17, 13, 24, 12, 40, 18, 41, 39, 46, 11, 45, 50, 26, 47, 5, 23, 42, 22, 6, 25, 7, 30, 27, 2, 19, 34, 35, 21, 0]
2020-03-18 20:44:32 ants:20 alpha:1 beta:2 evaporation:0.9 iteration:1000 RESULT: 462.4 PATH: [0, 31, 10, 37, 4, 48, 8, 49, 15, 1, 28, 20, 33, 29, 38, 9, 32, 44, 14, 43, 36, 16, 3, 46, 11, 45, 50, 26, 47, 5, 13, 24, 12, 40, 18, 41, 39, 17, 23, 42, 22, 6, 25, 7, 30, 27, 2, 19, 34, 35, 21, 0]
2020-03-18 20:44:55 ants:10 alpha:1.5 beta:2 evaporation:0.8 iteration:1000 RESULT: 528.65 PATH: [0, 31, 10, 15, 28, 20, 33, 29, 49, 8, 37, 48, 9, 38, 44, 32, 14, 43, 16, 36, 3, 46, 17, 13, 24, 23, 42, 22, 6, 7, 47, 5, 26, 50, 45, 11, 4, 41, 39, 18, 40, 12, 1, 19, 34, 35, 2, 27, 30, 25, 21, 0]
2020-03-18 20:45:19 ants:10 alpha:1 beta:3.5 evaporation:0.7 iteration:1000 RESULT: 464.82 PATH: [0, 31, 10, 37, 4, 48, 8, 49, 15, 1, 28, 20, 33, 29, 9, 38, 32, 44, 14, 43, 36, 16, 3, 17, 46, 11, 45, 50, 26, 47, 5, 13, 24, 12, 40, 18, 41, 39, 23, 42, 22, 6, 25, 7, 30, 27, 2, 19, 34, 35, 21, 0]
-------------- with 50% random switch and local search end -------------- 


-------------- with local search [1, 2, 3] -> [3, 2, 1] -------------- 
2020-03-18 20:50:15 ants:10 alpha:1.5 beta:3 evaporation:0.9 iteration:1000 RESULT: 513.32 PATH: [0, 31, 10, 37, 4, 11, 46, 16, 36, 14, 43, 41, 18, 40, 39, 12, 3, 17, 13, 24, 5, 50, 26, 45, 48, 8, 49, 33, 29, 9, 38, 32, 44, 15, 20, 28, 1, 21, 2, 19, 34, 35, 27, 30, 7, 25, 6, 22, 23, 42, 47, 0]
2020-03-18 20:51:01 ants:20 alpha:1.5 beta:3 evaporation:0.9 iteration:1000 RESULT: 474.61 PATH: [0, 31, 10, 37, 4, 11, 46, 3, 16, 36, 14, 44, 32, 38, 29, 33, 49, 8, 48, 9, 43, 41, 39, 18, 40, 12, 24, 17, 13, 5, 50, 45, 26, 47, 22, 6, 42, 23, 25, 7, 30, 27, 2, 19, 34, 35, 28, 20, 15, 1, 21, 0]
2020-03-18 20:51:25 ants:10 alpha:1 beta:3 evaporation:0.8 iteration:1000 RESULT: 461.43 PATH: [0, 31, 10, 37, 4, 48, 8, 49, 15, 1, 28, 20, 33, 29, 9, 38, 32, 44, 14, 43, 36, 16, 3, 46, 11, 45, 50, 26, 47, 5, 13, 24, 12, 40, 18, 41, 39, 17, 23, 42, 22, 6, 25, 7, 30, 27, 2, 19, 34, 35, 21, 0]
2020-03-18 20:52:11 ants:20 alpha:1.5 beta:2 evaporation:0.7 iteration:1000 RESULT: 505.29 PATH: [0, 31, 10, 37, 15, 28, 20, 33, 49, 8, 48, 9, 29, 38, 32, 44, 14, 43, 41, 18, 40, 39, 12, 24, 13, 23, 42, 6, 22, 47, 7, 25, 30, 27, 2, 19, 34, 35, 21, 26, 50, 45, 11, 46, 3, 17, 5, 4, 16, 36, 1, 0]
2020-03-18 20:56:03 ants:100 alpha:1 beta:2 evaporation:0.6 iteration:1000 RESULT: 450.0 PATH: [0, 31, 10, 37, 8, 49, 33, 20, 28, 19, 34, 35, 2, 27, 30, 7, 25, 6, 22, 23, 42, 5, 47, 26, 50, 45, 11, 46, 3, 17, 13, 24, 12, 40, 39, 18, 41, 43, 16, 36, 14, 44, 32, 38, 29, 9, 48, 4, 15, 1, 21, 0]
2020-03-18 20:57:33 ants:10 alpha:1 beta:3 evaporation:0.8 iteration:1000 RESULT: 457.51 PATH: [0, 31, 10, 37, 4, 48, 8, 49, 15, 1, 28, 20, 33, 29, 9, 38, 32, 44, 14, 43, 36, 16, 3, 46, 11, 45, 50, 26, 47, 22, 6, 42, 23, 13, 24, 12, 40, 18, 41, 39, 17, 5, 7, 25, 30, 27, 2, 35, 34, 19, 21, 0]
2020-03-18 20:57:57 ants:10 alpha:1.5 beta:2 evaporation:0.7 iteration:1000 RESULT: 520.62 PATH: [0, 26, 47, 5, 22, 6, 42, 23, 13, 24, 17, 3, 16, 36, 43, 14, 44, 32, 9, 48, 8, 49, 15, 37, 4, 11, 46, 50, 45, 10, 31, 1, 21, 2, 19, 34, 35, 27, 30, 25, 7, 12, 40, 18, 39, 41, 38, 29, 33, 20, 28, 0]
2020-03-18 20:58:21 ants:10 alpha:1 beta:3 evaporation:0.6 iteration:1000 RESULT: 481.04 PATH: [0, 31, 10, 37, 4, 48, 8, 49, 15, 1, 28, 20, 33, 29, 9, 38, 32, 44, 14, 43, 36, 16, 3, 46, 11, 50, 45, 26, 47, 22, 6, 42, 23, 5, 13, 24, 12, 40, 18, 41, 39, 17, 25, 7, 30, 27, 2, 19, 34, 35, 21, 0]
2020-03-18 20:58:44 ants:10 alpha:1.5 beta:3 evaporation:0.7 iteration:1000 RESULT: 524.25 PATH: [0, 31, 10, 37, 8, 49, 15, 33, 20, 28, 1, 21, 2, 19, 34, 35, 27, 30, 7, 25, 6, 22, 23, 13, 24, 12, 40, 18, 41, 39, 43, 14, 44, 32, 9, 38, 29, 48, 4, 36, 11, 45, 50, 26, 5, 47, 42, 17, 3, 46, 16, 0]
2020-03-18 21:02:35 ants:100 alpha:1 beta:3 evaporation:0.7 iteration:1000 RESULT: 461.43 PATH: [0, 31, 10, 37, 4, 48, 8, 49, 15, 1, 28, 20, 33, 29, 9, 38, 32, 44, 14, 43, 36, 16, 3, 46, 11, 45, 50, 26, 47, 5, 13, 24, 12, 40, 18, 41, 39, 17, 23, 42, 22, 6, 25, 7, 30, 27, 2, 19, 34, 35, 21, 0]
2020-03-18 21:03:22 ants:20 alpha:1.5 beta:3 evaporation:0.9 iteration:1000 RESULT: 474.91 PATH: [0, 31, 10, 37, 4, 48, 9, 38, 32, 44, 14, 43, 36, 16, 3, 17, 46, 11, 45, 50, 26, 47, 22, 6, 42, 23, 13, 24, 12, 40, 18, 41, 39, 5, 7, 25, 30, 27, 2, 35, 34, 19, 28, 20, 49, 15, 8, 29, 33, 1, 21, 0]
2020-03-18 21:04:08 ants:20 alpha:1 beta:3.5 evaporation:0.6 iteration:1000 RESULT: 461.43 PATH: [0, 31, 10, 37, 4, 48, 8, 49, 15, 1, 28, 20, 33, 29, 9, 38, 32, 44, 14, 43, 36, 16, 3, 46, 11, 45, 50, 26, 47, 5, 13, 24, 12, 40, 18, 41, 39, 17, 23, 42, 22, 6, 25, 7, 30, 27, 2, 19, 34, 35, 21, 0]
2020-03-18 21:07:59 ants:100 alpha:1.5 beta:2 evaporation:0.7 iteration:1000 RESULT: 481.13 PATH: [0, 31, 10, 8, 4, 37, 48, 49, 33, 29, 9, 38, 32, 44, 14, 43, 41, 39, 18, 40, 12, 24, 13, 23, 42, 6, 22, 47, 5, 26, 50, 45, 11, 46, 17, 3, 16, 36, 1, 28, 20, 15, 19, 34, 35, 2, 27, 30, 7, 25, 21, 0]
2020-03-18 21:08:45 ants:20 alpha:1.5 beta:3 evaporation:0.7 iteration:1000 RESULT: 478.88 PATH: [0, 31, 10, 37, 4, 11, 46, 17, 13, 24, 12, 40, 18, 41, 39, 3, 16, 36, 43, 14, 44, 32, 38, 29, 33, 20, 28, 19, 34, 35, 2, 21, 27, 30, 7, 25, 6, 22, 23, 42, 5, 47, 26, 45, 50, 9, 48, 8, 49, 15, 1, 0]
2020-03-18 21:12:36 ants:100 alpha:1 beta:3.5 evaporation:0.9 iteration:1000 RESULT: 458.54 PATH: [0, 31, 10, 37, 4, 48, 8, 49, 15, 1, 28, 20, 33, 29, 9, 38, 32, 44, 14, 43, 36, 16, 3, 17, 46, 11, 45, 50, 26, 5, 13, 24, 12, 40, 18, 41, 39, 23, 42, 6, 22, 47, 7, 25, 30, 27, 2, 35, 34, 19, 21, 0]
2020-03-18 21:13:23 ants:20 alpha:1 beta:3 evaporation:0.7 iteration:1000 RESULT: 464.82 PATH: [0, 31, 10, 37, 4, 48, 8, 49, 15, 1, 28, 20, 33, 29, 9, 38, 32, 44, 14, 43, 36, 16, 3, 17, 46, 11, 45, 50, 26, 47, 5, 13, 24, 12, 40, 18, 41, 39, 23, 42, 22, 6, 25, 7, 30, 27, 2, 19, 34, 35, 21, 0]
2020-03-18 21:14:09 ants:20 alpha:1.5 beta:3.5 evaporation:0.9 iteration:1000 RESULT: 454.03 PATH: [0, 31, 10, 37, 48, 8, 49, 15, 28, 20, 33, 29, 9, 38, 32, 44, 14, 43, 16, 36, 4, 11, 46, 17, 3, 40, 18, 41, 39, 12, 24, 13, 23, 42, 6, 22, 5, 26, 50, 45, 47, 7, 25, 30, 27, 2, 35, 34, 19, 1, 21, 0]
2020-03-18 21:17:59 ants:100 alpha:1 beta:3.5 evaporation:0.9 iteration:1000 RESULT: 460.03 PATH: [0, 31, 10, 37, 4, 48, 8, 49, 15, 1, 28, 20, 33, 29, 9, 38, 32, 44, 14, 43, 36, 16, 3, 46, 11, 45, 50, 26, 5, 13, 24, 12, 40, 18, 41, 39, 17, 23, 42, 6, 22, 47, 7, 25, 30, 27, 2, 19, 34, 35, 21, 0]
2020-03-18 21:21:51 ants:100 alpha:1 beta:2 evaporation:0.8 iteration:1000 RESULT: 459.94 PATH: [0, 31, 10, 37, 4, 48, 8, 49, 15, 1, 28, 20, 33, 29, 9, 38, 32, 44, 14, 43, 36, 16, 3, 17, 46, 11, 45, 50, 26, 47, 5, 13, 24, 12, 40, 18, 41, 39, 23, 42, 22, 6, 25, 7, 30, 27, 2, 35, 34, 19, 21, 0]
2020-03-18 21:25:42 ants:100 alpha:1 beta:3 evaporation:0.7 iteration:1000 RESULT: 461.43 PATH: [0, 31, 10, 37, 4, 48, 8, 49, 15, 1, 28, 20, 33, 29, 9, 38, 32, 44, 14, 43, 36, 16, 3, 46, 11, 45, 50, 26, 47, 5, 13, 24, 12, 40, 18, 41, 39, 17, 23, 42, 22, 6, 25, 7, 30, 27, 2, 19, 34, 35, 21, 0]
2020-03-18 21:52:54 ants:10 alpha:1 beta:3 evaporation:0.8 iteration:1000 RESULT: 461.43 PATH: [0, 31, 10, 37, 4, 48, 8, 49, 15, 1, 28, 20, 33, 29, 9, 38, 32, 44, 14, 43, 36, 16, 3, 46, 11, 45, 50, 26, 47, 5, 13, 24, 12, 40, 18, 41, 39, 17, 23, 42, 22, 6, 25, 7, 30, 27, 2, 19, 34, 35, 21, 0]
2020-03-18 21:53:40 ants:20 alpha:1 beta:3.5 evaporation:0.8 iteration:1000 RESULT: 464.82 PATH: [0, 31, 10, 37, 4, 48, 8, 49, 15, 1, 28, 20, 33, 29, 9, 38, 32, 44, 14, 43, 36, 16, 3, 17, 46, 11, 45, 50, 26, 47, 5, 13, 24, 12, 40, 18, 41, 39, 23, 42, 22, 6, 25, 7, 30, 27, 2, 19, 34, 35, 21, 0]
2020-03-18 21:57:28 ants:100 alpha:1.5 beta:3 evaporation:0.9 iteration:1000 RESULT: 463.42 PATH: [0, 31, 10, 37, 4, 48, 8, 49, 15, 1, 28, 20, 33, 29, 9, 38, 32, 44, 14, 43, 36, 16, 3, 17, 46, 11, 45, 50, 26, 5, 13, 24, 12, 40, 18, 41, 39, 23, 42, 6, 22, 47, 7, 25, 30, 27, 2, 19, 34, 35, 21, 0]
2020-03-18 22:01:16 ants:100 alpha:1.5 beta:3 evaporation:0.7 iteration:1000 RESULT: 466.45 PATH: [0, 31, 10, 37, 4, 48, 8, 49, 15, 28, 20, 33, 29, 9, 38, 32, 44, 14, 43, 36, 16, 3, 17, 46, 11, 45, 50, 26, 47, 5, 13, 24, 12, 40, 18, 41, 39, 23, 22, 6, 42, 25, 7, 30, 27, 2, 35, 34, 19, 1, 21, 0]
2020-03-18 22:02:02 ants:20 alpha:1 beta:3 evaporation:0.8 iteration:1000 RESULT: 461.03 PATH: [0, 31, 10, 37, 4, 48, 8, 49, 15, 1, 28, 20, 33, 29, 9, 38, 32, 44, 14, 43, 36, 16, 3, 46, 11, 45, 50, 26, 47, 22, 6, 42, 23, 13, 24, 12, 40, 18, 41, 39, 17, 5, 7, 25, 30, 27, 35, 34, 19, 2, 21, 0]
2020-03-18 22:02:49 ants:20 alpha:1 beta:2 evaporation:0.6 iteration:1000 RESULT: 482.65 PATH: [0, 31, 10, 37, 4, 48, 8, 49, 15, 33, 29, 9, 38, 32, 44, 14, 43, 36, 16, 3, 17, 46, 11, 45, 50, 26, 5, 13, 24, 12, 40, 18, 41, 39, 23, 42, 22, 47, 6, 7, 25, 30, 27, 2, 19, 34, 35, 28, 20, 1, 21, 0]
2020-03-18 22:03:35 ants:20 alpha:1 beta:3 evaporation:0.7 iteration:1000 RESULT: 462.39 PATH: [0, 31, 10, 37, 4, 48, 8, 49, 15, 1, 28, 20, 33, 29, 9, 38, 32, 44, 14, 43, 36, 16, 3, 46, 11, 45, 50, 26, 47, 22, 6, 42, 23, 13, 24, 12, 40, 18, 41, 39, 17, 5, 7, 25, 30, 27, 2, 19, 34, 35, 21, 0]
2020-03-18 22:03:59 ants:10 alpha:1 beta:3.5 evaporation:0.7 iteration:1000 RESULT: 466.53 PATH: [0, 31, 10, 37, 4, 48, 8, 49, 15, 1, 28, 20, 33, 29, 9, 38, 32, 44, 14, 43, 36, 16, 3, 17, 46, 11, 45, 50, 26, 5, 13, 24, 12, 40, 18, 41, 39, 23, 42, 6, 22, 47, 25, 7, 30, 27, 2, 19, 34, 35, 21, 0]
2020-03-18 22:04:45 ants:20 alpha:1 beta:3 evaporation:0.8 iteration:1000 RESULT: 458.28 PATH: [0, 31, 10, 37, 4, 48, 8, 49, 15, 1, 28, 20, 33, 29, 9, 38, 32, 44, 14, 43, 36, 16, 3, 46, 11, 45, 50, 26, 47, 22, 6, 42, 23, 13, 24, 12, 40, 18, 39, 41, 17, 5, 7, 25, 30, 27, 2, 19, 34, 35, 21, 0]
2020-03-18 22:08:36 ants:100 alpha:1 beta:2 evaporation:0.9 iteration:1000 RESULT: 457.41 PATH: [0, 31, 10, 37, 4, 48, 8, 49, 15, 1, 28, 20, 33, 29, 9, 38, 32, 44, 14, 43, 36, 16, 3, 46, 11, 45, 50, 26, 47, 22, 6, 42, 23, 13, 24, 12, 40, 39, 18, 41, 17, 5, 7, 25, 30, 27, 2, 19, 34, 35, 21, 0]
2020-03-18 22:14:28 ants:10 alpha:1 beta:2 evaporation:0.7 iteration:1000 RESULT: 457.51 PATH: [0, 31, 10, 37, 4, 48, 8, 49, 15, 1, 28, 20, 33, 29, 9, 38, 32, 44, 14, 43, 36, 16, 3, 46, 11, 45, 50, 26, 47, 22, 6, 42, 23, 13, 24, 12, 40, 18, 41, 39, 17, 5, 7, 25, 30, 27, 2, 35, 34, 19, 21, 0]
2020-03-18 22:23:22 ants:10 alpha:1 beta:2 evaporation:0.7 iteration:1000 RESULT: 458.28 PATH: [0, 31, 10, 37, 4, 48, 8, 49, 15, 1, 28, 20, 33, 29, 9, 38, 32, 44, 14, 43, 36, 16, 3, 46, 11, 45, 50, 26, 47, 22, 6, 42, 23, 13, 24, 12, 40, 18, 39, 41, 17, 5, 7, 25, 30, 27, 2, 19, 34, 35, 21, 0]
2020-03-18 22:27:11 ants:100 alpha:1.5 beta:3.5 evaporation:0.9 iteration:1000 RESULT: 463.91 PATH: [0, 31, 10, 37, 4, 48, 8, 49, 15, 1, 28, 20, 33, 29, 9, 38, 32, 44, 14, 43, 36, 16, 3, 17, 46, 11, 45, 50, 26, 47, 5, 13, 24, 12, 40, 39, 18, 41, 23, 42, 22, 6, 25, 7, 30, 27, 2, 19, 34, 35, 21, 0]
2020-03-18 22:27:57 ants:20 alpha:1.5 beta:3.5 evaporation:0.8 iteration:1000 RESULT: 480.17 PATH: [0, 31, 10, 37, 48, 8, 49, 15, 1, 28, 20, 33, 29, 9, 38, 32, 44, 14, 43, 41, 39, 18, 40, 12, 24, 13, 17, 46, 3, 16, 36, 4, 11, 50, 45, 26, 5, 22, 6, 42, 23, 47, 7, 21, 27, 30, 25, 19, 34, 35, 2, 0]
2020-03-18 22:28:21 ants:10 alpha:1 beta:2 evaporation:0.8 iteration:1000 RESULT: 464.82 PATH: [0, 31, 10, 37, 4, 48, 8, 49, 15, 1, 28, 20, 33, 29, 9, 38, 32, 44, 14, 43, 36, 16, 3, 17, 46, 11, 45, 50, 26, 47, 5, 13, 24, 12, 40, 18, 41, 39, 23, 42, 22, 6, 25, 7, 30, 27, 2, 19, 34, 35, 21, 0]
2020-03-18 22:28:44 ants:10 alpha:1.5 beta:3.5 evaporation:0.9 iteration:1000 RESULT: 493.47 PATH: [0, 31, 10, 45, 50, 26, 47, 7, 25, 30, 27, 2, 19, 34, 35, 20, 49, 15, 8, 48, 37, 4, 11, 46, 16, 3, 17, 13, 24, 23, 42, 6, 22, 5, 12, 40, 18, 41, 39, 36, 43, 14, 44, 32, 38, 9, 29, 33, 28, 1, 21, 0]
2020-03-18 22:29:08 ants:10 alpha:1 beta:3.5 evaporation:0.7 iteration:1000 RESULT: 467.19 PATH: [0, 31, 10, 37, 4, 48, 8, 49, 15, 1, 28, 20, 33, 29, 9, 38, 32, 44, 14, 43, 36, 16, 3, 17, 46, 11, 45, 50, 26, 47, 5, 13, 24, 12, 40, 18, 41, 39, 23, 22, 6, 42, 25, 7, 30, 27, 2, 35, 34, 19, 21, 0]
2020-03-18 22:32:57 ants:100 alpha:1.5 beta:3.5 evaporation:0.9 iteration:1000 RESULT: 464.14 PATH: [0, 31, 10, 37, 4, 48, 8, 49, 33, 29, 9, 38, 32, 44, 14, 43, 36, 16, 3, 17, 46, 11, 45, 50, 26, 5, 13, 24, 12, 40, 18, 41, 39, 23, 42, 6, 22, 47, 7, 25, 30, 27, 2, 19, 34, 35, 28, 20, 15, 1, 21, 0]
2020-03-18 22:36:47 ants:100 alpha:1.5 beta:3.5 evaporation:0.8 iteration:1000 RESULT: 468.4 PATH: [0, 31, 10, 37, 4, 48, 8, 49, 15, 1, 28, 20, 33, 29, 9, 38, 32, 44, 14, 43, 41, 39, 18, 40, 12, 24, 13, 23, 22, 6, 42, 47, 5, 26, 50, 45, 11, 46, 17, 3, 16, 36, 19, 34, 35, 2, 27, 30, 25, 7, 21, 0]
2020-03-18 22:37:33 ants:20 alpha:1 beta:2 evaporation:0.6 iteration:1000 RESULT: 461.98 PATH: [0, 31, 10, 37, 4, 48, 8, 49, 15, 1, 21, 7, 25, 30, 27, 2, 19, 34, 35, 28, 20, 33, 29, 38, 9, 32, 44, 14, 43, 36, 16, 3, 46, 11, 45, 50, 26, 47, 22, 6, 42, 23, 13, 24, 12, 40, 18, 39, 41, 17, 5, 0]
2020-03-18 22:37:57 ants:10 alpha:1 beta:3.5 evaporation:0.6 iteration:1000 RESULT: 464.81 PATH: [0, 31, 10, 37, 4, 48, 8, 49, 15, 1, 28, 20, 33, 29, 9, 38, 32, 44, 14, 43, 36, 16, 3, 46, 11, 45, 50, 26, 47, 5, 13, 24, 12, 40, 18, 41, 39, 17, 23, 42, 6, 22, 25, 7, 30, 27, 2, 19, 34, 35, 21, 0]
2020-03-18 22:38:43 ants:20 alpha:1.5 beta:3.5 evaporation:0.8 iteration:1000 RESULT: 480.09 PATH: [0, 31, 10, 37, 48, 8, 49, 15, 1, 28, 20, 33, 29, 9, 38, 32, 44, 14, 43, 16, 36, 4, 11, 46, 3, 17, 40, 18, 41, 39, 12, 24, 13, 23, 22, 6, 42, 25, 30, 27, 2, 19, 34, 35, 21, 7, 47, 26, 5, 45, 50, 0]
2020-03-18 22:42:35 ants:100 alpha:1.5 beta:3 evaporation:0.9 iteration:1000 RESULT: 471.67 PATH: [0, 31, 10, 37, 4, 48, 8, 49, 15, 1, 28, 20, 33, 29, 9, 38, 32, 44, 14, 43, 36, 16, 3, 17, 46, 11, 45, 50, 26, 47, 5, 13, 24, 12, 40, 18, 41, 39, 42, 23, 22, 6, 25, 7, 30, 27, 2, 34, 35, 19, 21, 0]
2020-03-18 22:42:58 ants:10 alpha:1.5 beta:3.5 evaporation:0.9 iteration:1000 RESULT: 490.04 PATH: [0, 31, 10, 37, 4, 48, 8, 49, 15, 28, 20, 33, 29, 9, 38, 32, 44, 14, 43, 36, 16, 3, 46, 11, 50, 45, 26, 47, 22, 6, 25, 7, 30, 27, 2, 34, 35, 19, 1, 21, 42, 23, 13, 24, 12, 40, 18, 41, 39, 17, 5, 0]
2020-03-18 22:46:51 ants:100 alpha:1 beta:2 evaporation:0.6 iteration:1000 RESULT: 456.45 PATH: [0, 31, 10, 37, 4, 48, 8, 49, 15, 1, 28, 20, 33, 29, 9, 38, 32, 44, 14, 43, 36, 16, 3, 46, 11, 45, 50, 26, 47, 5, 13, 24, 12, 40, 39, 18, 41, 17, 23, 42, 22, 6, 25, 7, 30, 27, 2, 19, 34, 35, 21, 0]
2020-03-18 22:47:38 ants:20 alpha:1.5 beta:2 evaporation:0.9 iteration:1000 RESULT: 507.24 PATH: [0, 21, 7, 25, 30, 27, 2, 19, 34, 35, 1, 28, 20, 49, 15, 10, 31, 45, 50, 26, 47, 22, 6, 42, 23, 5, 24, 13, 39, 12, 40, 18, 41, 43, 14, 44, 32, 38, 9, 48, 8, 33, 29, 37, 4, 11, 46, 17, 3, 16, 36, 0]
2020-03-18 22:51:28 ants:100 alpha:1.5 beta:2 evaporation:0.7 iteration:1000 RESULT: 492.9 PATH: [0, 31, 37, 10, 36, 4, 16, 3, 17, 46, 11, 45, 50, 26, 5, 47, 7, 25, 30, 27, 2, 34, 35, 21, 1, 19, 28, 20, 33, 49, 15, 8, 48, 9, 29, 38, 32, 44, 14, 43, 41, 39, 18, 40, 12, 24, 13, 23, 42, 6, 22, 0]
2020-03-18 22:51:51 ants:10 alpha:1.5 beta:3.5 evaporation:0.8 iteration:1000 RESULT: 500.84 PATH: [0, 31, 10, 37, 4, 48, 8, 49, 15, 1, 21, 27, 30, 25, 7, 47, 5, 26, 50, 45, 11, 46, 3, 16, 36, 43, 14, 44, 32, 38, 9, 29, 33, 20, 28, 19, 34, 35, 2, 22, 6, 42, 23, 24, 13, 17, 40, 18, 41, 39, 12, 0]
2020-03-18 22:52:15 ants:10 alpha:1.5 beta:3 evaporation:0.8 iteration:1000 RESULT: 498.69 PATH: [0, 31, 26, 47, 23, 42, 6, 22, 13, 24, 12, 40, 18, 39, 41, 43, 14, 44, 32, 9, 38, 29, 48, 8, 15, 49, 33, 20, 28, 19, 34, 35, 2, 21, 30, 27, 7, 25, 5, 50, 45, 10, 37, 4, 11, 46, 17, 3, 16, 36, 1, 0]
2020-03-18 23:02:09 ants:100 alpha:1 beta:2 evaporation:0.6 iteration:1000 RESULT: 461.43 PATH: [0, 31, 10, 37, 4, 48, 8, 49, 15, 1, 28, 20, 33, 29, 9, 38, 32, 44, 14, 43, 36, 16, 3, 46, 11, 45, 50, 26, 47, 5, 13, 24, 12, 40, 18, 41, 39, 17, 23, 42, 22, 6, 25, 7, 30, 27, 2, 19, 34, 35, 21, 0]
2020-03-18 23:15:37 ants:100 alpha:1.5 beta:3.5 evaporation:0.7 iteration:1000 RESULT: 463.42 PATH: [0, 31, 10, 37, 4, 48, 8, 49, 15, 1, 28, 20, 33, 29, 9, 38, 32, 44, 14, 43, 36, 16, 3, 17, 46, 11, 45, 50, 26, 5, 13, 24, 12, 40, 18, 41, 39, 23, 42, 6, 22, 47, 7, 25, 30, 27, 2, 19, 34, 35, 21, 0]
2020-03-18 23:16:00 ants:10 alpha:1 beta:2 evaporation:0.9 iteration:1000 RESULT: 492.28 PATH: [0, 21, 27, 30, 7, 25, 6, 22, 47, 26, 31, 10, 37, 4, 48, 8, 49, 15, 1, 28, 20, 33, 29, 38, 9, 32, 44, 14, 43, 41, 18, 39, 12, 40, 16, 36, 11, 46, 3, 17, 13, 24, 23, 42, 5, 50, 45, 19, 34, 35, 2, 0]
2020-03-18 23:19:54 ants:100 alpha:1 beta:2 evaporation:0.6 iteration:1000 RESULT: 452.37 PATH: [0, 31, 10, 37, 4, 48, 8, 49, 15, 1, 28, 20, 33, 29, 9, 38, 32, 44, 14, 43, 36, 16, 46, 11, 45, 50, 26, 47, 22, 6, 42, 23, 13, 24, 12, 40, 18, 39, 41, 3, 17, 5, 7, 25, 30, 27, 2, 19, 34, 35, 21, 0]
2020-03-18 23:20:41 ants:20 alpha:1 beta:3 evaporation:0.8 iteration:1000 RESULT: 461.43 PATH: [0, 31, 10, 37, 4, 48, 8, 49, 15, 1, 28, 20, 33, 29, 9, 38, 32, 44, 14, 43, 36, 16, 3, 46, 11, 45, 50, 26, 47, 5, 13, 24, 12, 40, 18, 41, 39, 17, 23, 42, 22, 6, 25, 7, 30, 27, 2, 19, 34, 35, 21, 0]
2020-03-18 23:24:31 ants:100 alpha:1.5 beta:3.5 evaporation:0.8 iteration:1000 RESULT: 464.35 PATH: [0, 31, 10, 37, 4, 48, 8, 49, 15, 1, 28, 20, 33, 29, 9, 38, 32, 44, 14, 43, 36, 16, 3, 17, 13, 24, 12, 40, 18, 41, 39, 46, 11, 45, 50, 26, 47, 22, 6, 42, 23, 5, 7, 25, 30, 27, 2, 19, 34, 35, 21, 0]
2020-03-18 23:28:24 ants:100 alpha:1.5 beta:2 evaporation:0.9 iteration:1000 RESULT: 457.87 PATH: [0, 26, 50, 45, 11, 46, 17, 3, 16, 36, 43, 14, 44, 32, 38, 9, 29, 33, 49, 15, 1, 28, 20, 19, 34, 35, 2, 27, 30, 25, 7, 47, 5, 22, 6, 42, 23, 13, 24, 12, 39, 18, 40, 41, 4, 48, 8, 37, 10, 31, 21, 0]
2020-03-18 23:32:16 ants:100 alpha:1.5 beta:3 evaporation:0.7 iteration:1000 RESULT: 463.79 PATH: [0, 31, 10, 37, 4, 48, 8, 49, 15, 1, 28, 20, 33, 29, 9, 38, 32, 44, 14, 43, 36, 16, 3, 46, 11, 45, 50, 26, 47, 5, 13, 24, 12, 40, 18, 41, 39, 17, 23, 22, 6, 42, 25, 7, 30, 27, 2, 35, 34, 19, 21, 0]
2020-03-18 23:33:01 ants:20 alpha:1.5 beta:3.5 evaporation:0.8 iteration:1000 RESULT: 494.62 PATH: [0, 31, 10, 37, 4, 11, 46, 3, 17, 13, 24, 12, 40, 18, 41, 39, 16, 36, 43, 14, 44, 32, 9, 48, 8, 49, 15, 1, 28, 20, 33, 29, 38, 19, 34, 35, 2, 27, 30, 7, 25, 6, 22, 23, 42, 5, 47, 26, 50, 45, 21, 0]
2020-03-18 23:33:25 ants:10 alpha:1.5 beta:2 evaporation:0.8 iteration:1000 RESULT: 549.86 PATH: [0, 31, 10, 15, 49, 33, 20, 28, 1, 21, 26, 50, 45, 11, 46, 3, 16, 36, 14, 43, 41, 18, 39, 40, 12, 23, 42, 6, 22, 47, 5, 17, 24, 13, 25, 7, 30, 27, 2, 19, 34, 35, 37, 4, 48, 8, 29, 38, 32, 9, 44, 0]
2020-03-18 23:37:19 ants:100 alpha:1 beta:2 evaporation:0.6 iteration:1000 RESULT: 455.5 PATH: [0, 31, 10, 37, 4, 11, 46, 17, 3, 16, 36, 14, 43, 41, 18, 39, 40, 12, 24, 13, 23, 42, 6, 22, 47, 26, 50, 45, 5, 7, 25, 30, 27, 2, 34, 35, 19, 28, 20, 49, 33, 29, 9, 38, 32, 44, 48, 8, 15, 1, 21, 0]
2020-03-18 23:38:07 ants:20 alpha:1 beta:3 evaporation:0.8 iteration:1000 RESULT: 459.26 PATH: [0, 31, 10, 37, 4, 48, 8, 49, 15, 1, 28, 20, 33, 29, 9, 38, 32, 44, 14, 43, 36, 16, 46, 11, 45, 50, 26, 47, 22, 6, 42, 23, 13, 24, 12, 40, 18, 41, 39, 3, 17, 5, 7, 25, 30, 27, 2, 19, 34, 35, 21, 0]
2020-03-19 00:47:46 ants:10 alpha:1 beta:3 evaporation:0.9 iteration:200 RESULT: 624.21 PATH: [0, 26, 31, 5, 46, 4, 9, 32, 44, 14, 43, 36, 16, 18, 40, 12, 17, 50, 45, 11, 37, 48, 8, 49, 15, 1, 10, 24, 13, 47, 6, 22, 23, 42, 25, 7, 30, 27, 21, 19, 2, 35, 34, 28, 20, 33, 29, 38, 3, 39, 41, 0]
2020-03-19 00:47:53 ants:10 alpha:1 beta:3 evaporation:0.9 iteration:200 RESULT: 462.82 PATH: [0, 31, 10, 37, 4, 48, 8, 49, 15, 1, 19, 34, 35, 2, 27, 30, 25, 7, 47, 22, 6, 42, 23, 13, 24, 17, 46, 11, 45, 50, 26, 5, 12, 40, 18, 41, 39, 3, 16, 36, 43, 14, 44, 32, 9, 38, 29, 33, 20, 28, 21, 0]
2020-03-19 00:48:00 ants:10 alpha:1 beta:3 evaporation:0.9 iteration:200 RESULT: 456.74 PATH: [0, 31, 10, 37, 4, 48, 8, 49, 15, 1, 28, 20, 33, 29, 9, 38, 32, 44, 14, 36, 43, 41, 39, 18, 40, 12, 13, 24, 17, 3, 16, 46, 11, 45, 50, 26, 5, 47, 22, 6, 42, 23, 25, 7, 30, 27, 2, 19, 34, 35, 21, 0]
2020-03-19 00:48:07 ants:10 alpha:1 beta:3 evaporation:0.9 iteration:200 RESULT: 456.74 PATH: [0, 31, 10, 37, 4, 48, 8, 49, 15, 1, 28, 20, 33, 29, 9, 38, 32, 44, 14, 36, 43, 41, 39, 18, 40, 12, 13, 24, 17, 3, 16, 46, 11, 45, 50, 26, 5, 47, 22, 6, 42, 23, 25, 7, 30, 27, 2, 19, 34, 35, 21, 0]
2020-03-19 00:48:15 ants:10 alpha:1 beta:3 evaporation:0.9 iteration:200 RESULT: 456.74 PATH: [0, 31, 10, 37, 4, 48, 8, 49, 15, 1, 28, 20, 33, 29, 9, 38, 32, 44, 14, 36, 43, 41, 39, 18, 40, 12, 13, 24, 17, 3, 16, 46, 11, 45, 50, 26, 5, 47, 22, 6, 42, 23, 25, 7, 30, 27, 2, 19, 34, 35, 21, 0]
2020-03-19 00:48:22 ants:10 alpha:1 beta:3 evaporation:0.9 iteration:200 RESULT: 456.74 PATH: [0, 31, 10, 37, 4, 48, 8, 49, 15, 1, 28, 20, 33, 29, 9, 38, 32, 44, 14, 36, 43, 41, 39, 18, 40, 12, 13, 24, 17, 3, 16, 46, 11, 45, 50, 26, 5, 47, 22, 6, 42, 23, 25, 7, 30, 27, 2, 19, 34, 35, 21, 0]
2020-03-19 00:48:29 ants:10 alpha:1 beta:3 evaporation:0.9 iteration:200 RESULT: 456.74 PATH: [0, 31, 10, 37, 4, 48, 8, 49, 15, 1, 28, 20, 33, 29, 9, 38, 32, 44, 14, 36, 43, 41, 39, 18, 40, 12, 13, 24, 17, 3, 16, 46, 11, 45, 50, 26, 5, 47, 22, 6, 42, 23, 25, 7, 30, 27, 2, 19, 34, 35, 21, 0]
2020-03-19 00:48:36 ants:10 alpha:1 beta:3 evaporation:0.9 iteration:200 RESULT: 456.74 PATH: [0, 31, 10, 37, 4, 48, 8, 49, 15, 1, 28, 20, 33, 29, 9, 38, 32, 44, 14, 36, 43, 41, 39, 18, 40, 12, 13, 24, 17, 3, 16, 46, 11, 45, 50, 26, 5, 47, 22, 6, 42, 23, 25, 7, 30, 27, 2, 19, 34, 35, 21, 0]
2020-03-19 00:48:43 ants:10 alpha:1 beta:3 evaporation:0.9 iteration:200 RESULT: 456.74 PATH: [0, 31, 10, 37, 4, 48, 8, 49, 15, 1, 28, 20, 33, 29, 9, 38, 32, 44, 14, 36, 43, 41, 39, 18, 40, 12, 13, 24, 17, 3, 16, 46, 11, 45, 50, 26, 5, 47, 22, 6, 42, 23, 25, 7, 30, 27, 2, 19, 34, 35, 21, 0]
2020-03-19 00:48:50 ants:10 alpha:1 beta:3 evaporation:0.9 iteration:200 RESULT: 456.74 PATH: [0, 31, 10, 37, 4, 48, 8, 49, 15, 1, 28, 20, 33, 29, 9, 38, 32, 44, 14, 36, 43, 41, 39, 18, 40, 12, 13, 24, 17, 3, 16, 46, 11, 45, 50, 26, 5, 47, 22, 6, 42, 23, 25, 7, 30, 27, 2, 19, 34, 35, 21, 0]
2020-03-19 00:48:57 ants:10 alpha:1 beta:3 evaporation:0.9 iteration:200 RESULT: 456.74 PATH: [0, 31, 10, 37, 4, 48, 8, 49, 15, 1, 28, 20, 33, 29, 9, 38, 32, 44, 14, 36, 43, 41, 39, 18, 40, 12, 13, 24, 17, 3, 16, 46, 11, 45, 50, 26, 5, 47, 22, 6, 42, 23, 25, 7, 30, 27, 2, 19, 34, 35, 21, 0]
2020-03-19 00:49:00 ants:10 alpha:1 beta:3 evaporation:0.9 iteration:200 RESULT: 721.29 PATH: [0, 10, 31, 7, 25, 42, 22, 47, 5, 13, 24, 12, 17, 3, 11, 45, 50, 46, 36, 16, 23, 6, 34, 35, 2, 21, 15, 37, 27, 19, 28, 20, 33, 8, 48, 40, 18, 41, 39, 43, 4, 29, 38, 9, 32, 44, 14, 49, 1, 26, 30, 0]
2020-03-19 00:49:07 ants:10 alpha:1 beta:3 evaporation:0.9 iteration:200 RESULT: 469.71 PATH: [0, 31, 10, 37, 4, 48, 8, 49, 15, 28, 20, 33, 29, 9, 38, 32, 44, 14, 43, 36, 16, 3, 17, 46, 11, 50, 45, 26, 47, 5, 13, 24, 12, 40, 18, 41, 39, 42, 23, 22, 6, 25, 7, 30, 27, 2, 35, 34, 19, 1, 21, 0]
2020-03-19 00:49:14 ants:10 alpha:1 beta:3 evaporation:0.9 iteration:200 RESULT: 457.0 PATH: [0, 31, 10, 37, 4, 48, 8, 49, 15, 1, 28, 20, 33, 29, 9, 38, 32, 44, 14, 43, 36, 16, 3, 17, 13, 24, 12, 40, 18, 41, 39, 46, 11, 45, 50, 26, 47, 5, 22, 23, 42, 6, 25, 7, 30, 27, 2, 19, 34, 35, 21, 0]
2020-03-19 00:49:21 ants:10 alpha:1 beta:3 evaporation:0.9 iteration:200 RESULT: 457.0 PATH: [0, 31, 10, 37, 4, 48, 8, 49, 15, 1, 28, 20, 33, 29, 9, 38, 32, 44, 14, 43, 36, 16, 3, 17, 13, 24, 12, 40, 18, 41, 39, 46, 11, 45, 50, 26, 47, 5, 22, 23, 42, 6, 25, 7, 30, 27, 2, 19, 34, 35, 21, 0]
2020-03-19 00:49:28 ants:10 alpha:1 beta:3 evaporation:0.9 iteration:200 RESULT: 457.0 PATH: [0, 31, 10, 37, 4, 48, 8, 49, 15, 1, 28, 20, 33, 29, 9, 38, 32, 44, 14, 43, 36, 16, 3, 17, 13, 24, 12, 40, 18, 41, 39, 46, 11, 45, 50, 26, 47, 5, 22, 23, 42, 6, 25, 7, 30, 27, 2, 19, 34, 35, 21, 0]
2020-03-19 00:49:35 ants:10 alpha:1 beta:3 evaporation:0.9 iteration:200 RESULT: 457.0 PATH: [0, 31, 10, 37, 4, 48, 8, 49, 15, 1, 28, 20, 33, 29, 9, 38, 32, 44, 14, 43, 36, 16, 3, 17, 13, 24, 12, 40, 18, 41, 39, 46, 11, 45, 50, 26, 47, 5, 22, 23, 42, 6, 25, 7, 30, 27, 2, 19, 34, 35, 21, 0]
2020-03-19 00:49:43 ants:10 alpha:1 beta:3 evaporation:0.9 iteration:200 RESULT: 457.0 PATH: [0, 31, 10, 37, 4, 48, 8, 49, 15, 1, 28, 20, 33, 29, 9, 38, 32, 44, 14, 43, 36, 16, 3, 17, 13, 24, 12, 40, 18, 41, 39, 46, 11, 45, 50, 26, 47, 5, 22, 23, 42, 6, 25, 7, 30, 27, 2, 19, 34, 35, 21, 0]
2020-03-19 00:49:50 ants:10 alpha:1 beta:3 evaporation:0.9 iteration:200 RESULT: 457.0 PATH: [0, 31, 10, 37, 4, 48, 8, 49, 15, 1, 28, 20, 33, 29, 9, 38, 32, 44, 14, 43, 36, 16, 3, 17, 13, 24, 12, 40, 18, 41, 39, 46, 11, 45, 50, 26, 47, 5, 22, 23, 42, 6, 25, 7, 30, 27, 2, 19, 34, 35, 21, 0]
2020-03-19 00:51:07 ants:10 alpha:1 beta:3 evaporation:0.9 iteration:200 RESULT: 707.96 PATH: [0, 8, 49, 15, 1, 34, 35, 19, 21, 2, 27, 30, 7, 25, 17, 46, 11, 50, 45, 26, 36, 4, 37, 10, 31, 28, 20, 33, 29, 9, 44, 14, 41, 16, 43, 3, 23, 22, 6, 42, 13, 24, 47, 5, 48, 32, 38, 40, 18, 39, 12, 0]
2020-03-19 00:51:14 ants:10 alpha:1 beta:3 evaporation:0.9 iteration:200 RESULT: 484.39 PATH: [0, 31, 10, 37, 4, 48, 8, 49, 15, 1, 28, 20, 33, 29, 38, 9, 32, 44, 14, 43, 36, 16, 3, 17, 46, 11, 45, 50, 26, 47, 5, 13, 24, 12, 40, 18, 41, 39, 42, 23, 22, 6, 25, 30, 27, 2, 19, 34, 35, 21, 7, 0]
2020-03-19 00:51:21 ants:10 alpha:1 beta:3 evaporation:0.9 iteration:200 RESULT: 464.81 PATH: [0, 31, 10, 37, 4, 48, 8, 49, 15, 1, 28, 20, 33, 29, 9, 38, 32, 44, 14, 43, 36, 16, 3, 46, 11, 45, 50, 26, 47, 5, 13, 24, 12, 40, 18, 41, 39, 17, 23, 42, 6, 22, 25, 7, 30, 27, 2, 19, 34, 35, 21, 0]
2020-03-19 00:51:28 ants:10 alpha:1 beta:3 evaporation:0.9 iteration:200 RESULT: 463.4 PATH: [0, 31, 10, 37, 48, 4, 11, 45, 50, 26, 5, 47, 22, 6, 42, 23, 13, 24, 12, 40, 18, 41, 39, 3, 17, 46, 16, 36, 43, 14, 44, 32, 9, 38, 29, 33, 20, 28, 19, 34, 35, 2, 27, 30, 25, 7, 21, 1, 15, 49, 8, 0]
2020-03-19 00:52:02 ants:10 alpha:1 beta:3 evaporation:0.9 iteration:200 RESULT: 708.75 PATH: [0, 31, 10, 50, 45, 4, 37, 8, 28, 20, 33, 29, 48, 9, 35, 2, 19, 34, 27, 30, 7, 18, 40, 12, 13, 24, 17, 46, 11, 16, 3, 41, 39, 44, 14, 43, 42, 47, 26, 5, 23, 22, 6, 25, 21, 1, 49, 15, 38, 32, 36, 0]
2020-03-19 00:52:09 ants:10 alpha:1 beta:3 evaporation:0.9 iteration:200 RESULT: 452.96 PATH: [0, 31, 10, 37, 4, 48, 8, 49, 15, 1, 28, 20, 33, 29, 9, 38, 32, 44, 14, 16, 36, 43, 41, 39, 18, 40, 12, 24, 13, 5, 47, 26, 50, 45, 11, 46, 3, 17, 23, 42, 6, 22, 25, 7, 30, 27, 2, 19, 34, 35, 21, 0]
2020-03-19 00:52:16 ants:10 alpha:1 beta:3 evaporation:0.9 iteration:200 RESULT: 452.49 PATH: [0, 31, 10, 37, 4, 48, 8, 49, 15, 1, 28, 20, 33, 29, 9, 38, 32, 44, 14, 43, 41, 39, 18, 40, 12, 24, 13, 17, 3, 16, 36, 11, 46, 45, 50, 26, 47, 5, 22, 6, 42, 23, 25, 7, 30, 27, 2, 19, 34, 35, 21, 0]
2020-03-19 00:52:23 ants:10 alpha:1 beta:3 evaporation:0.9 iteration:200 RESULT: 460.03 PATH: [0, 31, 10, 37, 4, 48, 8, 49, 15, 1, 28, 20, 33, 29, 9, 38, 32, 44, 14, 43, 36, 16, 3, 46, 11, 45, 50, 26, 5, 13, 24, 12, 40, 18, 41, 39, 17, 23, 42, 6, 22, 47, 7, 25, 30, 27, 2, 19, 34, 35, 21, 0]
2020-03-19 00:52:30 ants:10 alpha:1 beta:3 evaporation:0.9 iteration:200 RESULT: 463.42 PATH: [0, 31, 10, 37, 4, 48, 8, 49, 15, 1, 28, 20, 33, 29, 9, 38, 32, 44, 14, 43, 36, 16, 3, 17, 46, 11, 45, 50, 26, 5, 13, 24, 12, 40, 18, 41, 39, 23, 42, 6, 22, 47, 7, 25, 30, 27, 2, 19, 34, 35, 21, 0]
2020-03-19 00:52:38 ants:10 alpha:1 beta:3 evaporation:0.9 iteration:200 RESULT: 480.45 PATH: [0, 31, 10, 37, 8, 49, 15, 1, 28, 20, 33, 29, 9, 48, 4, 11, 46, 3, 16, 36, 43, 14, 44, 32, 38, 41, 39, 18, 40, 12, 24, 13, 5, 26, 45, 50, 17, 23, 42, 6, 22, 47, 7, 25, 30, 27, 2, 19, 34, 35, 21, 0]
2020-03-19 00:52:45 ants:10 alpha:1 beta:3 evaporation:0.9 iteration:200 RESULT: 466.76 PATH: [0, 31, 10, 37, 4, 48, 8, 49, 15, 28, 20, 33, 29, 9, 38, 32, 44, 14, 43, 36, 16, 3, 17, 46, 11, 50, 45, 26, 47, 22, 6, 42, 23, 13, 24, 12, 40, 18, 41, 39, 5, 7, 25, 30, 27, 2, 35, 34, 19, 1, 21, 0]
2020-03-19 00:52:52 ants:10 alpha:1 beta:3 evaporation:0.9 iteration:200 RESULT: 467.19 PATH: [0, 31, 10, 37, 4, 48, 8, 49, 15, 1, 28, 20, 33, 29, 9, 38, 32, 44, 14, 43, 36, 16, 3, 17, 46, 11, 45, 50, 26, 47, 5, 13, 24, 12, 40, 18, 41, 39, 23, 22, 6, 42, 25, 7, 30, 27, 2, 35, 34, 19, 21, 0]
2020-03-19 00:52:59 ants:10 alpha:1 beta:3 evaporation:0.9 iteration:200 RESULT: 474.07 PATH: [0, 31, 10, 15, 49, 8, 48, 4, 37, 1, 21, 2, 35, 34, 19, 28, 20, 33, 29, 9, 38, 32, 44, 14, 43, 16, 36, 46, 11, 50, 45, 26, 47, 5, 17, 3, 40, 18, 41, 39, 12, 24, 13, 23, 42, 6, 22, 7, 25, 30, 27, 0]
2020-03-19 00:53:06 ants:10 alpha:1 beta:3 evaporation:0.9 iteration:200 RESULT: 464.31 PATH: [0, 31, 10, 37, 4, 48, 8, 49, 33, 29, 9, 38, 32, 44, 14, 43, 36, 16, 3, 17, 46, 11, 45, 50, 26, 5, 13, 24, 12, 40, 18, 41, 39, 23, 42, 6, 22, 47, 7, 25, 30, 27, 21, 2, 35, 34, 19, 28, 20, 15, 1, 0]
2020-03-19 00:53:13 ants:10 alpha:1 beta:3 evaporation:0.9 iteration:200 RESULT: 459.98 PATH: [0, 31, 10, 37, 4, 48, 8, 49, 33, 29, 9, 38, 32, 44, 14, 43, 16, 36, 11, 46, 17, 3, 40, 18, 41, 39, 12, 24, 13, 23, 42, 6, 22, 47, 5, 26, 50, 45, 1, 28, 20, 15, 19, 34, 35, 2, 27, 30, 25, 7, 21, 0]
2020-03-19 09:44:05 ants:10 alpha:1 beta:3 evaporation:0.9 iteration:200 RESULT: 706.17 PATH: [0, 26, 31, 10, 50, 45, 5, 47, 22, 6, 32, 44, 14, 36, 16, 3, 46, 11, 4, 48, 8, 49, 15, 1, 37, 33, 29, 20, 28, 19, 34, 35, 30, 27, 7, 21, 2, 38, 9, 43, 41, 39, 18, 40, 13, 23, 42, 24, 25, 17, 12, 0]
2020-03-19 09:44:12 ants:10 alpha:1 beta:3 evaporation:0.9 iteration:200 RESULT: 463.32 PATH: [0, 31, 10, 37, 4, 48, 8, 49, 15, 1, 28, 20, 33, 29, 9, 38, 32, 44, 14, 43, 36, 16, 3, 17, 46, 11, 45, 50, 26, 47, 5, 13, 24, 12, 40, 18, 41, 39, 23, 42, 6, 22, 25, 7, 30, 27, 2, 35, 34, 19, 21, 0]
2020-03-19 09:44:21 ants:10 alpha:1 beta:3 evaporation:0.9 iteration:200 RESULT: 681.56 PATH: [0, 21, 35, 34, 19, 2, 1, 10, 8, 33, 29, 49, 37, 4, 48, 9, 38, 28, 20, 26, 50, 45, 24, 13, 17, 46, 11, 36, 43, 14, 44, 32, 12, 40, 18, 41, 16, 3, 39, 5, 47, 7, 25, 30, 27, 31, 15, 42, 6, 22, 23, 0]
2020-03-19 09:44:21 ants:10 alpha:1 beta:3 evaporation:0.9 iteration:200 RESULT: 754.82 PATH: [0, 31, 9, 48, 4, 36, 43, 14, 44, 32, 11, 45, 50, 46, 13, 17, 39, 18, 40, 33, 49, 20, 37, 15, 1, 21, 30, 25, 47, 5, 6, 22, 23, 42, 24, 3, 26, 7, 27, 2, 34, 19, 35, 28, 8, 29, 38, 10, 12, 16, 41, 0]
2020-03-19 09:44:22 ants:10 alpha:1 beta:3 evaporation:0.9 iteration:200 RESULT: 728.99 PATH: [0, 10, 37, 4, 31, 26, 25, 7, 47, 45, 11, 50, 16, 36, 43, 18, 40, 24, 13, 3, 46, 12, 14, 44, 41, 39, 32, 29, 33, 48, 8, 49, 20, 28, 15, 1, 2, 34, 35, 19, 27, 30, 6, 42, 23, 5, 22, 21, 38, 9, 17, 0]
2020-03-19 09:44:28 ants:10 alpha:1 beta:3 evaporation:0.9 iteration:200 RESULT: 458.08 PATH: [0, 31, 10, 37, 4, 48, 8, 49, 15, 1, 28, 20, 33, 29, 9, 38, 32, 44, 14, 43, 41, 39, 18, 40, 12, 24, 13, 23, 42, 6, 22, 25, 7, 30, 27, 2, 19, 34, 35, 21, 26, 50, 45, 11, 46, 36, 16, 3, 17, 5, 47, 0]
2020-03-19 09:44:29 ants:10 alpha:1 beta:3 evaporation:0.9 iteration:200 RESULT: 469.05 PATH: [0, 31, 10, 37, 4, 48, 8, 49, 15, 1, 21, 7, 25, 30, 27, 2, 34, 35, 19, 28, 20, 33, 29, 9, 38, 32, 44, 14, 43, 36, 16, 3, 17, 46, 11, 45, 50, 26, 47, 22, 6, 42, 23, 13, 24, 12, 40, 18, 41, 39, 5, 0]
2020-03-19 09:44:29 ants:10 alpha:1 beta:3 evaporation:0.9 iteration:200 RESULT: 460.77 PATH: [0, 31, 10, 37, 4, 48, 8, 49, 15, 1, 28, 20, 33, 29, 9, 38, 32, 44, 14, 43, 36, 16, 3, 17, 13, 24, 12, 40, 18, 41, 39, 46, 11, 45, 50, 26, 47, 5, 23, 42, 6, 22, 25, 7, 30, 27, 2, 19, 34, 35, 21, 0]
2020-03-19 09:44:31 ants:10 alpha:1 beta:3 evaporation:0.9 iteration:200 RESULT: 703.54 PATH: [0, 27, 30, 7, 6, 5, 47, 26, 31, 10, 23, 13, 24, 50, 45, 41, 3, 46, 43, 36, 16, 12, 40, 39, 18, 17, 11, 9, 29, 33, 49, 8, 20, 28, 1, 15, 37, 4, 14, 44, 32, 48, 38, 2, 34, 19, 35, 25, 22, 42, 21, 0]
2020-03-19 09:44:31 ants:10 alpha:1 beta:3 evaporation:0.9 iteration:200 RESULT: 698.16 PATH: [0, 31, 26, 45, 50, 8, 37, 4, 36, 32, 44, 13, 5, 22, 23, 24, 12, 39, 40, 18, 41, 14, 43, 16, 11, 35, 34, 2, 27, 30, 25, 7, 21, 1, 49, 15, 28, 20, 19, 10, 17, 3, 46, 48, 9, 29, 33, 38, 47, 6, 42, 0]
2020-03-19 09:44:35 ants:10 alpha:1 beta:3 evaporation:0.9 iteration:200 RESULT: 461.68 PATH: [0, 31, 10, 37, 4, 48, 8, 49, 33, 29, 9, 38, 32, 44, 14, 43, 36, 16, 3, 46, 11, 45, 50, 26, 47, 5, 13, 24, 12, 40, 18, 41, 39, 17, 23, 42, 6, 22, 25, 7, 30, 27, 2, 34, 35, 19, 28, 20, 15, 1, 21, 0]
2020-03-19 09:44:38 ants:10 alpha:1 beta:3 evaporation:0.9 iteration:200 RESULT: 452.42 PATH: [0, 31, 10, 37, 4, 48, 8, 49, 15, 1, 28, 20, 33, 29, 9, 38, 32, 44, 14, 43, 36, 16, 3, 17, 13, 24, 12, 40, 18, 39, 41, 46, 11, 45, 50, 26, 47, 5, 23, 42, 6, 22, 25, 7, 30, 27, 2, 19, 34, 35, 21, 0]
2020-03-19 09:44:38 ants:10 alpha:1 beta:3 evaporation:0.9 iteration:200 RESULT: 454.12 PATH: [0, 31, 10, 37, 4, 48, 8, 49, 15, 1, 28, 20, 33, 29, 9, 38, 32, 44, 14, 43, 36, 16, 3, 17, 12, 40, 39, 41, 18, 46, 11, 45, 50, 26, 5, 13, 24, 23, 42, 6, 22, 47, 7, 25, 30, 27, 2, 19, 34, 35, 21, 0]
2020-03-19 09:44:39 ants:10 alpha:1 beta:3 evaporation:0.9 iteration:200 RESULT: 463.32 PATH: [0, 31, 10, 37, 4, 48, 8, 49, 15, 1, 28, 20, 33, 29, 9, 38, 32, 44, 14, 43, 36, 16, 3, 17, 46, 11, 45, 50, 26, 47, 5, 13, 24, 12, 40, 18, 41, 39, 23, 42, 6, 22, 25, 7, 30, 27, 2, 35, 34, 19, 21, 0]
2020-03-19 09:44:40 ants:10 alpha:1 beta:3 evaporation:0.9 iteration:200 RESULT: 463.42 PATH: [0, 31, 10, 37, 4, 48, 8, 49, 15, 1, 28, 20, 33, 29, 9, 38, 32, 44, 14, 43, 36, 16, 3, 17, 46, 11, 45, 50, 26, 5, 13, 24, 12, 40, 18, 41, 39, 23, 42, 6, 22, 47, 7, 25, 30, 27, 2, 19, 34, 35, 21, 0]
2020-03-19 09:44:45 ants:10 alpha:1 beta:3 evaporation:0.9 iteration:200 RESULT: 457.0 PATH: [0, 31, 10, 37, 4, 48, 8, 49, 15, 1, 28, 20, 33, 29, 9, 38, 32, 44, 14, 43, 36, 16, 3, 17, 13, 24, 12, 40, 18, 41, 39, 46, 11, 45, 50, 26, 47, 5, 22, 23, 42, 6, 25, 7, 30, 27, 2, 19, 34, 35, 21, 0]
2020-03-19 09:44:46 ants:10 alpha:1 beta:3 evaporation:0.9 iteration:200 RESULT: 464.77 PATH: [0, 31, 10, 37, 4, 48, 8, 49, 15, 1, 28, 20, 33, 29, 9, 38, 32, 44, 14, 43, 36, 16, 3, 17, 24, 13, 5, 47, 26, 50, 45, 11, 46, 41, 39, 18, 40, 12, 23, 42, 6, 22, 7, 25, 30, 27, 2, 19, 34, 35, 21, 0]
2020-03-19 09:44:49 ants:10 alpha:1 beta:3 evaporation:0.9 iteration:200 RESULT: 458.9 PATH: [0, 31, 10, 37, 4, 48, 8, 49, 15, 1, 28, 20, 33, 29, 9, 38, 32, 44, 14, 43, 36, 16, 3, 17, 24, 13, 5, 26, 50, 45, 11, 46, 41, 39, 18, 40, 12, 23, 42, 6, 22, 47, 7, 25, 30, 27, 2, 19, 34, 35, 21, 0]
2020-03-19 09:44:58 ants:10 alpha:1 beta:3 evaporation:0.9 iteration:200 RESULT: 455.99 PATH: [0, 31, 10, 37, 4, 48, 8, 49, 15, 1, 28, 20, 33, 29, 9, 38, 32, 44, 14, 43, 36, 16, 3, 17, 13, 24, 12, 40, 18, 41, 39, 46, 11, 45, 50, 26, 5, 23, 42, 6, 22, 47, 7, 25, 30, 27, 2, 19, 34, 35, 21, 0]
2020-03-19 09:45:25 ants:10 alpha:1 beta:3 evaporation:0.9 iteration:200 RESULT: 457.85 PATH: [0, 31, 10, 37, 4, 48, 8, 49, 15, 1, 21, 7, 25, 30, 27, 2, 35, 34, 19, 28, 20, 33, 29, 9, 38, 32, 44, 14, 43, 36, 16, 3, 46, 11, 45, 50, 26, 47, 22, 6, 42, 23, 13, 24, 12, 40, 18, 41, 39, 17, 5, 0]
2020-03-19 09:45:34 ants:10 alpha:1 beta:3 evaporation:0.9 iteration:200 RESULT: 451.8 PATH: [0, 31, 10, 37, 4, 48, 8, 49, 15, 1, 28, 20, 33, 29, 9, 38, 32, 44, 14, 43, 41, 39, 18, 40, 12, 24, 13, 17, 3, 16, 36, 46, 11, 45, 50, 26, 47, 5, 22, 23, 42, 6, 25, 30, 27, 2, 19, 34, 35, 21, 7, 0]
2020-03-19 09:45:35 ants:10 alpha:1 beta:3 evaporation:0.9 iteration:200 RESULT: 457.0 PATH: [0, 31, 10, 37, 4, 48, 8, 49, 15, 1, 28, 20, 33, 29, 9, 38, 32, 44, 14, 43, 36, 16, 3, 17, 13, 24, 12, 40, 18, 41, 39, 46, 11, 45, 50, 26, 47, 5, 22, 23, 42, 6, 25, 7, 30, 27, 2, 19, 34, 35, 21, 0]
2020-03-19 09:45:50 ants:10 alpha:1 beta:3 evaporation:0.9 iteration:200 RESULT: 460.75 PATH: [0, 31, 10, 37, 4, 48, 8, 49, 15, 1, 28, 20, 33, 29, 9, 38, 32, 44, 14, 43, 36, 16, 3, 17, 46, 11, 50, 45, 26, 5, 13, 24, 12, 40, 18, 41, 39, 23, 42, 6, 22, 47, 7, 25, 30, 27, 2, 35, 34, 19, 21, 0]
2020-03-19 09:45:59 ants:10 alpha:1 beta:3 evaporation:0.9 iteration:200 RESULT: 459.26 PATH: [0, 31, 10, 37, 4, 48, 8, 49, 15, 1, 28, 20, 33, 29, 9, 38, 32, 44, 14, 43, 36, 16, 46, 11, 45, 50, 26, 47, 22, 6, 42, 23, 13, 24, 12, 40, 18, 41, 39, 3, 17, 5, 7, 25, 30, 27, 2, 19, 34, 35, 21, 0]
2020-03-19 09:46:03 ants:10 alpha:1 beta:3 evaporation:0.9 iteration:200 RESULT: 456.76 PATH: [0, 31, 10, 37, 4, 48, 8, 49, 15, 1, 21, 27, 30, 25, 7, 47, 22, 6, 42, 23, 5, 26, 50, 45, 11, 46, 3, 17, 13, 24, 12, 40, 18, 41, 39, 43, 16, 36, 14, 44, 32, 38, 9, 29, 33, 20, 28, 19, 34, 35, 2, 0]
2020-03-19 09:46:08 ants:10 alpha:1 beta:3 evaporation:0.9 iteration:200 RESULT: 458.85 PATH: [0, 31, 10, 37, 4, 48, 8, 49, 15, 1, 28, 20, 33, 29, 9, 38, 32, 44, 14, 43, 41, 18, 40, 12, 39, 17, 3, 16, 36, 11, 46, 50, 45, 26, 5, 13, 24, 23, 42, 6, 22, 47, 7, 25, 30, 27, 2, 19, 34, 35, 21, 0]
2020-03-19 09:46:26 ants:10 alpha:1 beta:3 evaporation:0.9 iteration:200 RESULT: 455.49 PATH: [0, 31, 10, 37, 4, 48, 8, 49, 15, 1, 28, 20, 33, 29, 9, 38, 32, 44, 14, 43, 36, 16, 3, 17, 13, 24, 12, 40, 18, 41, 39, 46, 11, 45, 50, 26, 5, 47, 22, 23, 42, 6, 25, 7, 30, 27, 2, 19, 34, 35, 21, 0]
2020-03-19 09:46:41 ants:10 alpha:1 beta:3 evaporation:0.9 iteration:200 RESULT: 455.8 PATH: [0, 31, 10, 37, 4, 48, 8, 49, 15, 28, 19, 34, 35, 2, 27, 30, 7, 25, 6, 22, 23, 42, 5, 47, 26, 50, 45, 11, 46, 3, 17, 13, 24, 12, 40, 39, 41, 18, 16, 36, 43, 14, 44, 32, 9, 38, 29, 33, 20, 1, 21, 0]
2020-03-19 09:47:02 ants:10 alpha:1 beta:3 evaporation:0.9 iteration:200 RESULT: 453.49 PATH: [0, 31, 10, 37, 4, 48, 8, 49, 15, 1, 28, 20, 33, 29, 9, 38, 32, 44, 14, 43, 41, 18, 40, 39, 12, 24, 13, 5, 47, 26, 45, 50, 46, 11, 36, 16, 3, 17, 23, 42, 22, 6, 25, 7, 30, 27, 2, 19, 34, 35, 21, 0]
2020-03-19 09:47:22 ants:10 alpha:1 beta:3 evaporation:0.9 iteration:200 RESULT: 452.73 PATH: [0, 31, 10, 37, 4, 48, 8, 49, 15, 1, 21, 27, 30, 7, 25, 6, 22, 23, 42, 47, 5, 26, 50, 45, 11, 46, 3, 17, 13, 24, 12, 40, 18, 39, 41, 43, 36, 16, 14, 44, 32, 9, 38, 29, 33, 20, 28, 19, 34, 35, 2, 0]
2020-03-19 09:47:34 ants:10 alpha:1 beta:3 evaporation:0.9 iteration:200 RESULT: 453.46 PATH: [0, 31, 10, 37, 4, 48, 8, 49, 15, 1, 28, 20, 33, 29, 9, 38, 32, 44, 14, 43, 41, 39, 18, 40, 12, 24, 17, 3, 16, 36, 46, 11, 45, 50, 26, 47, 22, 6, 42, 23, 13, 5, 25, 7, 30, 27, 2, 19, 34, 35, 21, 0]
2020-03-19 09:47:58 ants:10 alpha:1 beta:3 evaporation:0.9 iteration:200 RESULT: 446.52 PATH: [0, 31, 10, 37, 4, 48, 8, 49, 15, 1, 28, 20, 33, 29, 9, 38, 32, 44, 14, 36, 16, 43, 41, 39, 18, 40, 12, 24, 13, 17, 3, 46, 11, 45, 50, 26, 47, 22, 6, 42, 23, 5, 7, 25, 30, 27, 2, 19, 34, 35, 21, 0]
2020-03-19 09:48:15 ants:10 alpha:1 beta:3 evaporation:0.9 iteration:200 RESULT: 445.46 PATH: [0, 31, 10, 37, 4, 9, 48, 8, 49, 33, 29, 38, 32, 44, 14, 43, 41, 39, 18, 40, 12, 24, 13, 17, 3, 16, 36, 11, 46, 45, 50, 26, 47, 5, 22, 23, 42, 6, 25, 7, 30, 27, 2, 34, 35, 19, 28, 20, 15, 1, 21, 0]
2020-03-19 09:48:23 ants:10 alpha:1 beta:3 evaporation:0.9 iteration:200 RESULT: 454.77 PATH: [0, 31, 10, 37, 4, 48, 9, 38, 32, 44, 14, 43, 41, 39, 40, 18, 12, 24, 13, 23, 42, 6, 22, 47, 5, 26, 50, 45, 11, 46, 17, 3, 16, 36, 8, 15, 49, 33, 29, 20, 28, 1, 19, 34, 35, 2, 27, 30, 25, 7, 21, 0]
2020-03-19 09:48:32 ants:10 alpha:1 beta:3 evaporation:0.9 iteration:200 RESULT: 441.51 PATH: [0, 31, 10, 37, 4, 48, 8, 49, 15, 1, 28, 20, 33, 29, 9, 38, 32, 44, 14, 43, 41, 39, 18, 40, 12, 24, 13, 17, 3, 16, 36, 46, 11, 45, 50, 26, 47, 5, 22, 23, 42, 6, 25, 7, 30, 27, 2, 19, 34, 35, 21, 0]
2020-03-19 09:50:42 ants:10 alpha:1 beta:3 evaporation:0.9 iteration:200 RESULT: 450.34 PATH: [0, 31, 10, 37, 4, 48, 8, 49, 15, 1, 28, 20, 33, 29, 9, 38, 32, 44, 14, 43, 36, 16, 41, 18, 40, 39, 12, 24, 17, 3, 46, 11, 45, 50, 26, 47, 5, 13, 23, 42, 6, 22, 7, 25, 30, 27, 2, 19, 34, 35, 21, 0]
2020-03-19 09:50:50 ants:10 alpha:1 beta:3 evaporation:0.9 iteration:200 RESULT: 441.3 PATH: [0, 31, 10, 37, 4, 48, 8, 49, 15, 1, 28, 20, 33, 29, 38, 9, 32, 44, 14, 36, 43, 41, 39, 18, 40, 12, 24, 13, 17, 3, 16, 46, 11, 45, 50, 26, 5, 47, 22, 23, 42, 6, 25, 7, 30, 27, 2, 19, 34, 35, 21, 0]
2020-03-19 09:56:50 ants:10 alpha:1 beta:3 evaporation:0.9 iteration:200 RESULT: 446.88 PATH: [0, 31, 10, 37, 4, 48, 8, 49, 15, 1, 21, 27, 30, 25, 7, 47, 22, 6, 42, 23, 24, 13, 5, 26, 50, 45, 11, 46, 3, 17, 12, 40, 18, 39, 41, 43, 36, 16, 14, 44, 32, 38, 9, 29, 33, 20, 28, 19, 34, 35, 2, 0]
2020-03-19 09:57:50 ants:10 alpha:1 beta:3 evaporation:0.9 iteration:200 RESULT: 451.11 PATH: [0, 31, 10, 37, 4, 48, 8, 49, 15, 1, 28, 20, 33, 29, 9, 38, 32, 44, 14, 43, 36, 16, 3, 17, 13, 24, 12, 40, 18, 41, 39, 46, 11, 45, 50, 26, 5, 23, 42, 6, 22, 47, 7, 25, 30, 27, 2, 35, 34, 19, 21, 0]
2020-03-19 10:02:23 ants:10 alpha:1 beta:3 evaporation:0.9 iteration:200 RESULT: 443.46 PATH: [0, 31, 10, 37, 4, 48, 8, 49, 15, 1, 28, 20, 33, 29, 9, 38, 32, 44, 14, 36, 16, 43, 41, 39, 18, 40, 12, 24, 13, 17, 3, 46, 11, 45, 50, 26, 5, 22, 6, 42, 23, 47, 7, 25, 30, 27, 2, 19, 34, 35, 21, 0]
2020-03-19 10:06:00 ants:10 alpha:1 beta:3 evaporation:0.9 iteration:200 RESULT: 439.85 PATH: [0, 31, 10, 37, 4, 48, 8, 49, 15, 1, 28, 20, 33, 29, 9, 38, 32, 44, 14, 36, 16, 43, 41, 18, 39, 40, 12, 24, 13, 17, 3, 46, 11, 45, 50, 5, 26, 47, 22, 23, 42, 6, 25, 7, 30, 27, 2, 19, 34, 35, 21, 0]
2020-03-19 10:06:06 ants:10 alpha:1 beta:3 evaporation:0.9 iteration:200 RESULT: 446.47 PATH: [0, 31, 10, 37, 4, 48, 8, 49, 15, 1, 28, 20, 33, 29, 9, 38, 32, 44, 14, 43, 41, 39, 18, 40, 12, 24, 13, 17, 3, 16, 36, 11, 46, 45, 50, 26, 5, 22, 6, 42, 23, 47, 7, 25, 30, 27, 2, 19, 34, 35, 21, 0]
2020-03-19 10:38:00 ants:10 alpha:1 beta:3 evaporation:0.9 iteration:200 RESULT: 444.65 PATH: [0, 31, 10, 37, 48, 8, 49, 33, 29, 9, 38, 32, 44, 14, 43, 41, 39, 18, 40, 12, 24, 13, 23, 42, 6, 22, 5, 47, 26, 50, 45, 11, 46, 17, 3, 16, 36, 4, 15, 1, 28, 20, 19, 34, 35, 2, 27, 30, 25, 7, 21, 0]
2020-03-19 10:41:48 ants:10 alpha:1 beta:3 evaporation:0.9 iteration:200 RESULT: 440.75 PATH: [0, 31, 10, 37, 4, 36, 16, 3, 17, 46, 11, 45, 50, 26, 5, 47, 22, 6, 42, 23, 13, 24, 12, 40, 18, 39, 41, 43, 14, 44, 32, 38, 9, 48, 8, 29, 33, 49, 15, 28, 20, 19, 34, 35, 2, 27, 30, 25, 7, 21, 1, 0]
2020-03-19 10:45:47 ants:10 alpha:1 beta:3 evaporation:0.9 iteration:200 RESULT: 443.75 PATH: [0, 31, 10, 15, 49, 8, 48, 37, 4, 36, 16, 46, 11, 45, 50, 26, 5, 47, 22, 6, 42, 23, 13, 24, 17, 3, 12, 40, 18, 39, 41, 43, 14, 44, 32, 38, 9, 29, 33, 20, 28, 19, 34, 35, 2, 27, 30, 25, 7, 21, 1, 0]
2020-03-19 01:47:28 ants:10 alpha:1 beta:3 evaporation:0.9 iteration:200 RESULT: 701.78 PATH: [0, 31, 1, 29, 33, 38, 41, 36, 16, 43, 14, 44, 50, 45, 5, 7, 25, 30, 27, 21, 22, 42, 6, 11, 46, 17, 3, 24, 13, 23, 47, 26, 34, 35, 2, 19, 28, 20, 49, 8, 48, 9, 10, 15, 37, 4, 32, 40, 18, 39, 12, 0]
2020-03-19 01:47:34 ants:10 alpha:1 beta:3 evaporation:0.9 iteration:200 RESULT: 464.3 PATH: [0, 31, 10, 37, 4, 48, 8, 49, 15, 1, 28, 20, 33, 29, 38, 9, 32, 44, 14, 43, 36, 16, 3, 17, 46, 11, 45, 50, 26, 47, 5, 13, 24, 12, 40, 18, 41, 39, 23, 42, 6, 22, 25, 7, 30, 27, 2, 35, 34, 19, 21, 0]
2020-03-19 01:47:44 ants:10 alpha:1 beta:3 evaporation:0.9 iteration:200 RESULT: 458.54 PATH: [0, 31, 10, 37, 4, 48, 8, 49, 15, 1, 28, 20, 33, 29, 9, 38, 32, 44, 14, 43, 36, 16, 3, 17, 46, 11, 45, 50, 26, 5, 13, 24, 12, 40, 18, 41, 39, 23, 42, 6, 22, 47, 7, 25, 30, 27, 2, 35, 34, 19, 21, 0]
2020-03-19 01:48:00 ants:10 alpha:1 beta:3 evaporation:0.9 iteration:200 RESULT: 452.34 PATH: [0, 31, 10, 37, 4, 48, 8, 49, 15, 1, 28, 20, 33, 29, 9, 38, 32, 44, 14, 43, 41, 39, 18, 40, 12, 24, 13, 23, 22, 6, 42, 5, 17, 3, 16, 36, 46, 11, 45, 50, 26, 47, 7, 25, 30, 27, 2, 19, 34, 35, 21, 0]
2020-03-19 01:51:40 ants:10 alpha:1 beta:3 evaporation:0.9 iteration:200 RESULT: 451.06 PATH: [0, 31, 10, 37, 4, 48, 8, 49, 15, 1, 28, 20, 33, 29, 9, 38, 32, 44, 14, 36, 11, 45, 50, 26, 47, 5, 17, 46, 3, 16, 43, 41, 39, 18, 40, 12, 24, 13, 23, 42, 6, 22, 25, 7, 30, 27, 2, 19, 34, 35, 21, 0]
2020-03-19 01:57:43 ants:10 alpha:1 beta:3 evaporation:0.9 iteration:200 RESULT: 447.36 PATH: [0, 31, 10, 37, 4, 48, 8, 49, 15, 1, 28, 20, 33, 29, 9, 38, 32, 44, 14, 43, 36, 16, 3, 17, 13, 24, 12, 40, 39, 41, 18, 46, 11, 45, 50, 26, 5, 47, 22, 23, 42, 6, 25, 7, 30, 27, 2, 35, 34, 19, 21, 0]
2020-03-19 01:58:46 ants:10 alpha:1 beta:3 evaporation:0.9 iteration:200 RESULT: 445.09 PATH: [0, 31, 10, 37, 4, 48, 8, 49, 15, 1, 21, 7, 25, 6, 42, 23, 22, 47, 5, 26, 50, 45, 11, 46, 3, 17, 13, 24, 12, 40, 18, 39, 41, 43, 36, 16, 14, 44, 32, 38, 9, 29, 33, 20, 28, 19, 34, 35, 2, 27, 30, 0]
2020-03-19 02:19:32 ants:10 alpha:1 beta:3 evaporation:0.9 iteration:200 RESULT: 441.51 PATH: [0, 31, 10, 37, 4, 48, 8, 49, 15, 1, 28, 20, 33, 29, 9, 38, 32, 44, 14, 43, 41, 39, 18, 40, 12, 24, 13, 17, 3, 16, 36, 46, 11, 45, 50, 26, 47, 5, 22, 23, 42, 6, 25, 7, 30, 27, 2, 19, 34, 35, 21, 0]
2020-03-19 02:59:26 ants:10 alpha:1 beta:3 evaporation:0.9 iteration:200 RESULT: 439.14 PATH: [0, 31, 10, 37, 4, 48, 8, 49, 15, 1, 28, 20, 33, 29, 38, 9, 32, 44, 14, 36, 16, 43, 41, 39, 18, 40, 12, 24, 13, 17, 3, 46, 11, 45, 50, 26, 5, 23, 42, 6, 22, 47, 7, 25, 30, 27, 2, 19, 34, 35, 21, 0]
-------------- with local search [1, 2, 3] -> [3, 2, 1] end (1000000 iterations) -------------- 


-------------- with local search [1, 2, 3, 4] -> shuffle -------------- 
2020-03-19 11:08:31 ants:10 alpha:1 beta:3 evaporation:0.9 iteration:300 RESULT: 667.55 PATH: [0, 47, 5, 46, 45, 50, 3, 16, 43, 44, 32, 4, 11, 36, 14, 9, 38, 10, 37, 48, 8, 15, 49, 19, 34, 35, 30, 7, 25, 24, 13, 42, 22, 6, 23, 27, 2, 21, 26, 31, 1, 28, 20, 33, 29, 41, 18, 40, 39, 12, 17, 0]
2020-03-19 11:08:32 ants:10 alpha:1 beta:3 evaporation:0.9 iteration:300 RESULT: 681.61 PATH: [0, 21, 31, 49, 33, 29, 8, 28, 20, 15, 48, 9, 38, 43, 14, 36, 16, 46, 45, 50, 11, 17, 13, 3, 26, 47, 7, 30, 27, 25, 34, 19, 35, 2, 1, 4, 37, 10, 22, 6, 23, 24, 12, 40, 18, 39, 41, 44, 32, 5, 42, 0]
2020-03-19 11:08:34 ants:10 alpha:1 beta:3 evaporation:0.9 iteration:300 RESULT: 660.44 PATH: [0, 26, 31, 10, 8, 49, 48, 37, 9, 29, 33, 20, 28, 15, 1, 21, 7, 30, 27, 2, 19, 34, 35, 11, 46, 50, 45, 4, 14, 3, 17, 24, 13, 47, 22, 23, 6, 25, 42, 5, 40, 12, 38, 32, 44, 43, 41, 18, 39, 16, 36, 0]
2020-03-19 11:08:35 ants:10 alpha:1 beta:3 evaporation:0.9 iteration:300 RESULT: 664.93 PATH: [0, 31, 37, 8, 33, 29, 49, 15, 28, 1, 2, 35, 34, 19, 21, 27, 30, 7, 47, 50, 45, 11, 46, 17, 3, 16, 43, 36, 4, 48, 9, 14, 44, 32, 38, 26, 10, 20, 24, 13, 5, 22, 23, 42, 6, 40, 18, 41, 39, 12, 25, 0]
2020-03-19 11:08:37 ants:10 alpha:1 beta:3 evaporation:0.9 iteration:300 RESULT: 701.82 PATH: [0, 26, 5, 23, 13, 24, 12, 18, 40, 11, 46, 50, 45, 10, 31, 47, 7, 6, 25, 30, 27, 2, 34, 35, 28, 14, 44, 43, 36, 16, 3, 17, 39, 41, 4, 8, 37, 48, 9, 38, 29, 15, 33, 49, 20, 1, 19, 21, 22, 42, 32, 0]
2020-03-19 11:08:39 ants:10 alpha:1 beta:3 evaporation:0.9 iteration:300 RESULT: 725.98 PATH: [0, 26, 7, 47, 25, 6, 22, 13, 5, 45, 50, 11, 4, 31, 10, 37, 48, 9, 44, 3, 17, 46, 14, 36, 16, 40, 18, 12, 43, 32, 38, 28, 15, 8, 29, 33, 49, 20, 2, 35, 19, 34, 27, 30, 21, 1, 23, 42, 39, 41, 24, 0]
2020-03-19 11:08:39 ants:10 alpha:1 beta:3 evaporation:0.9 iteration:300 RESULT: 455.03 PATH: [0, 31, 10, 37, 4, 48, 8, 49, 15, 1, 28, 20, 33, 29, 38, 9, 32, 44, 14, 43, 36, 16, 3, 17, 13, 24, 12, 40, 18, 39, 41, 46, 11, 45, 50, 26, 47, 5, 22, 23, 42, 6, 25, 30, 27, 2, 35, 34, 19, 21, 7, 0]
2020-03-19 11:08:41 ants:10 alpha:1 beta:3 evaporation:0.9 iteration:300 RESULT: 472.44 PATH: [0, 21, 2, 34, 35, 19, 28, 20, 33, 29, 38, 9, 48, 8, 49, 15, 1, 10, 31, 50, 45, 11, 46, 3, 17, 13, 24, 12, 40, 39, 18, 41, 43, 36, 16, 14, 44, 32, 4, 37, 26, 5, 23, 42, 6, 22, 47, 7, 25, 30, 27, 0]
2020-03-19 11:08:43 ants:10 alpha:1 beta:3 evaporation:0.9 iteration:300 RESULT: 464.82 PATH: [0, 31, 10, 37, 4, 48, 8, 49, 15, 1, 28, 20, 33, 29, 9, 38, 32, 44, 14, 43, 36, 16, 3, 17, 46, 11, 45, 50, 26, 47, 5, 13, 24, 12, 40, 18, 41, 39, 23, 42, 22, 6, 25, 7, 30, 27, 2, 19, 34, 35, 21, 0]
2020-03-19 11:08:45 ants:10 alpha:1 beta:3 evaporation:0.9 iteration:300 RESULT: 470.95 PATH: [0, 31, 10, 37, 8, 49, 15, 1, 28, 20, 33, 29, 9, 48, 4, 11, 46, 17, 3, 16, 36, 14, 44, 32, 38, 43, 41, 39, 18, 40, 12, 24, 13, 23, 42, 6, 22, 47, 26, 5, 50, 45, 7, 25, 30, 27, 2, 34, 35, 19, 21, 0]
2020-03-19 11:08:46 ants:10 alpha:1 beta:3 evaporation:0.9 iteration:300 RESULT: 471.15 PATH: [0, 31, 10, 4, 37, 48, 8, 49, 15, 1, 28, 20, 33, 29, 9, 38, 32, 44, 14, 43, 36, 16, 3, 17, 13, 24, 12, 40, 18, 41, 39, 46, 11, 45, 50, 26, 47, 5, 22, 6, 42, 23, 25, 7, 30, 27, 2, 19, 34, 35, 21, 0]
2020-03-19 11:08:48 ants:10 alpha:1 beta:3 evaporation:0.9 iteration:300 RESULT: 465.64 PATH: [0, 31, 10, 37, 4, 11, 46, 3, 17, 13, 24, 12, 40, 18, 39, 41, 43, 14, 44, 32, 9, 48, 8, 49, 15, 1, 28, 20, 33, 29, 38, 36, 16, 45, 50, 26, 5, 23, 42, 6, 22, 47, 7, 25, 30, 27, 2, 19, 34, 35, 21, 0]
2020-03-19 11:08:51 ants:10 alpha:1 beta:3 evaporation:0.9 iteration:300 RESULT: 460.68 PATH: [0, 31, 10, 37, 4, 11, 45, 50, 26, 5, 47, 22, 6, 42, 23, 13, 24, 12, 40, 18, 41, 39, 3, 17, 46, 16, 36, 43, 14, 44, 32, 38, 9, 48, 8, 49, 15, 1, 28, 20, 33, 29, 19, 34, 35, 2, 27, 30, 25, 7, 21, 0]
2020-03-19 11:08:52 ants:10 alpha:1 beta:3 evaporation:0.9 iteration:300 RESULT: 459.47 PATH: [0, 31, 10, 37, 4, 48, 9, 38, 32, 44, 14, 43, 41, 39, 18, 40, 12, 24, 13, 17, 46, 3, 16, 36, 11, 45, 50, 26, 47, 5, 23, 42, 6, 22, 25, 7, 30, 27, 2, 19, 34, 35, 21, 1, 28, 20, 33, 29, 8, 49, 15, 0]
2020-03-19 11:08:55 ants:10 alpha:1 beta:3 evaporation:0.9 iteration:300 RESULT: 464.82 PATH: [0, 31, 10, 37, 4, 48, 8, 49, 15, 1, 28, 20, 33, 29, 9, 38, 32, 44, 14, 43, 36, 16, 3, 17, 46, 11, 45, 50, 26, 47, 5, 13, 24, 12, 40, 18, 41, 39, 23, 42, 22, 6, 25, 7, 30, 27, 2, 19, 34, 35, 21, 0]
2020-03-19 11:08:57 ants:10 alpha:1 beta:3 evaporation:0.9 iteration:300 RESULT: 462.39 PATH: [0, 31, 10, 37, 4, 48, 8, 49, 15, 1, 28, 20, 33, 29, 9, 38, 32, 44, 14, 43, 36, 16, 3, 46, 11, 45, 50, 26, 47, 22, 6, 42, 23, 13, 24, 12, 40, 18, 41, 39, 17, 5, 7, 25, 30, 27, 2, 19, 34, 35, 21, 0]
2020-03-19 11:09:05 ants:10 alpha:1 beta:3 evaporation:0.9 iteration:300 RESULT: 457.71 PATH: [0, 31, 10, 37, 8, 48, 4, 11, 45, 50, 26, 5, 47, 22, 6, 42, 23, 13, 24, 12, 40, 18, 41, 39, 3, 17, 46, 36, 16, 43, 14, 44, 32, 38, 9, 29, 33, 49, 15, 1, 28, 20, 19, 34, 35, 2, 21, 27, 30, 25, 7, 0]
2020-03-19 11:09:10 ants:10 alpha:1 beta:3 evaporation:0.9 iteration:300 RESULT: 444.98 PATH: [0, 31, 10, 37, 4, 48, 8, 49, 15, 1, 21, 7, 25, 30, 27, 2, 34, 35, 19, 28, 20, 33, 29, 9, 38, 32, 44, 14, 43, 41, 18, 40, 39, 12, 24, 13, 23, 42, 6, 22, 47, 5, 17, 3, 16, 36, 11, 46, 50, 45, 26, 0]
2020-03-19 11:09:13 ants:10 alpha:1 beta:3 evaporation:0.9 iteration:300 RESULT: 464.64 PATH: [0, 31, 10, 37, 4, 48, 8, 49, 15, 1, 28, 20, 33, 29, 9, 38, 32, 44, 14, 43, 36, 16, 3, 17, 13, 24, 12, 40, 18, 41, 39, 46, 11, 45, 50, 26, 47, 5, 23, 22, 6, 42, 25, 7, 30, 27, 2, 19, 34, 35, 21, 0]
2020-03-19 11:09:23 ants:10 alpha:1 beta:3 evaporation:0.9 iteration:300 RESULT: 456.45 PATH: [0, 31, 10, 37, 4, 48, 9, 38, 32, 44, 14, 43, 36, 16, 3, 17, 13, 24, 12, 40, 18, 41, 39, 46, 11, 45, 50, 26, 47, 5, 22, 23, 42, 6, 25, 7, 30, 27, 2, 19, 34, 35, 28, 20, 33, 29, 8, 49, 15, 1, 21, 0]
2020-03-19 11:09:25 ants:10 alpha:1 beta:3 evaporation:0.9 iteration:300 RESULT: 460.03 PATH: [0, 31, 10, 37, 4, 48, 8, 49, 15, 1, 28, 20, 33, 29, 9, 38, 32, 44, 14, 43, 36, 16, 3, 46, 11, 45, 50, 26, 5, 13, 24, 12, 40, 18, 41, 39, 17, 23, 42, 6, 22, 47, 7, 25, 30, 27, 2, 19, 34, 35, 21, 0]
2020-03-19 11:09:45 ants:10 alpha:1 beta:3 evaporation:0.9 iteration:300 RESULT: 454.04 PATH: [0, 31, 10, 37, 4, 48, 8, 49, 15, 1, 28, 20, 33, 29, 9, 38, 32, 44, 14, 43, 36, 16, 3, 17, 24, 12, 40, 18, 39, 41, 46, 11, 45, 50, 26, 47, 5, 13, 23, 42, 6, 22, 25, 7, 30, 27, 2, 19, 34, 35, 21, 0]
2020-03-19 11:10:28 ants:10 alpha:1 beta:3 evaporation:0.9 iteration:300 RESULT: 453.41 PATH: [0, 31, 10, 37, 4, 48, 8, 49, 15, 1, 21, 7, 25, 30, 27, 2, 19, 34, 35, 28, 20, 33, 29, 9, 38, 32, 44, 14, 36, 16, 43, 41, 18, 40, 39, 12, 24, 13, 23, 42, 6, 22, 47, 26, 50, 45, 11, 46, 3, 17, 5, 0]
2020-03-19 11:10:43 ants:10 alpha:1 beta:3 evaporation:0.9 iteration:300 RESULT: 456.46 PATH: [0, 31, 10, 37, 4, 48, 8, 49, 15, 1, 28, 20, 33, 29, 9, 38, 32, 44, 14, 43, 36, 16, 3, 40, 18, 41, 39, 12, 24, 13, 17, 46, 11, 45, 50, 26, 5, 47, 22, 6, 42, 23, 25, 7, 30, 27, 2, 19, 34, 35, 21, 0]
2020-03-19 11:13:22 ants:10 alpha:1 beta:3 evaporation:0.9 iteration:300 RESULT: 597.31 PATH: [0, 7, 30, 27, 2, 34, 19, 35, 28, 1, 10, 26, 31, 11, 46, 17, 12, 39, 40, 18, 41, 43, 48, 8, 29, 33, 20, 49, 15, 37, 4, 44, 14, 36, 16, 3, 24, 13, 5, 47, 6, 22, 23, 42, 25, 21, 38, 9, 32, 45, 50, 0]
2020-03-19 11:13:37 ants:10 alpha:1 beta:3 evaporation:0.9 iteration:300 RESULT: 463.42 PATH: [0, 31, 10, 37, 4, 48, 8, 49, 15, 1, 28, 20, 33, 29, 9, 38, 32, 44, 14, 43, 36, 16, 3, 17, 46, 11, 45, 50, 26, 5, 13, 24, 12, 40, 18, 41, 39, 23, 42, 6, 22, 47, 7, 25, 30, 27, 2, 19, 34, 35, 21, 0]
2020-03-19 11:14:08 ants:10 alpha:1 beta:3 evaporation:0.9 iteration:300 RESULT: 448.65 PATH: [0, 31, 10, 45, 50, 26, 5, 47, 22, 6, 42, 23, 13, 24, 12, 40, 18, 39, 41, 43, 36, 16, 3, 17, 46, 11, 4, 37, 8, 48, 9, 38, 32, 44, 14, 29, 33, 20, 49, 15, 1, 28, 19, 34, 35, 2, 27, 30, 25, 7, 21, 0]
2020-03-19 11:15:25 ants:10 alpha:1 beta:3 evaporation:0.9 iteration:300 RESULT: 447.64 PATH: [0, 31, 10, 37, 4, 48, 8, 49, 15, 1, 28, 20, 33, 29, 9, 38, 32, 44, 14, 43, 36, 16, 3, 17, 13, 24, 12, 40, 18, 39, 41, 46, 11, 45, 50, 26, 5, 23, 42, 6, 22, 47, 7, 25, 30, 27, 2, 19, 34, 35, 21, 0]
2020-03-19 03:05:54 ants:10 alpha:1 beta:3 evaporation:0.9 iteration:300 RESULT: 731.27 PATH: [0, 26, 50, 21, 30, 27, 2, 10, 37, 8, 15, 49, 5, 46, 3, 16, 36, 43, 14, 32, 44, 17, 13, 24, 11, 31, 1, 33, 29, 9, 48, 4, 12, 39, 18, 40, 41, 38, 28, 20, 34, 35, 19, 47, 22, 42, 23, 25, 7, 6, 45, 0]
2020-03-19 03:05:59 ants:10 alpha:1 beta:3 evaporation:0.9 iteration:300 RESULT: 464.81 PATH: [0, 31, 10, 37, 4, 48, 8, 49, 15, 1, 28, 20, 33, 29, 9, 38, 32, 44, 14, 43, 36, 16, 3, 46, 11, 45, 50, 26, 47, 5, 13, 24, 12, 40, 18, 41, 39, 17, 23, 42, 6, 22, 25, 7, 30, 27, 2, 19, 34, 35, 21, 0]
2020-03-19 03:06:36 ants:10 alpha:1 beta:3 evaporation:0.9 iteration:300 RESULT: 455.49 PATH: [0, 31, 10, 37, 4, 48, 8, 49, 15, 1, 28, 20, 33, 29, 9, 38, 32, 44, 14, 43, 36, 16, 3, 17, 13, 24, 12, 40, 18, 41, 39, 46, 11, 45, 50, 26, 5, 47, 22, 23, 42, 6, 25, 7, 30, 27, 2, 19, 34, 35, 21, 0]
2020-03-19 03:11:59 ants:10 alpha:1 beta:3 evaporation:0.9 iteration:300 RESULT: 447.98 PATH: [0, 31, 10, 37, 4, 48, 8, 49, 15, 1, 28, 20, 33, 29, 9, 38, 32, 44, 14, 43, 36, 16, 3, 40, 18, 41, 39, 12, 17, 46, 11, 45, 50, 26, 47, 5, 13, 24, 23, 42, 22, 6, 25, 7, 30, 27, 2, 34, 35, 19, 21, 0]
2020-03-19 03:30:17 ants:10 alpha:1 beta:3 evaporation:0.9 iteration:300 RESULT: 447.49 PATH: [0, 31, 10, 37, 4, 48, 9, 38, 32, 44, 14, 43, 36, 16, 3, 40, 18, 41, 39, 12, 17, 46, 11, 45, 50, 26, 5, 13, 24, 23, 42, 6, 22, 47, 7, 25, 30, 27, 2, 19, 34, 35, 28, 20, 33, 29, 8, 49, 15, 1, 21, 0]
2020-03-19 03:48:03 ants:10 alpha:1 beta:3 evaporation:0.9 iteration:300 RESULT: 444.73 PATH: [0, 31, 10, 37, 4, 48, 8, 49, 15, 1, 21, 27, 30, 7, 25, 6, 42, 23, 22, 47, 5, 26, 50, 45, 11, 46, 16, 3, 17, 13, 24, 12, 40, 18, 39, 41, 43, 36, 14, 44, 32, 38, 9, 29, 33, 20, 28, 19, 34, 35, 2, 0]
2020-03-19 04:06:31 ants:10 alpha:1 beta:3 evaporation:0.9 iteration:300 RESULT: 441.31 PATH: [0, 31, 10, 37, 4, 48, 8, 49, 15, 1, 28, 20, 33, 29, 9, 38, 32, 44, 14, 43, 41, 18, 39, 40, 12, 24, 13, 17, 3, 16, 36, 11, 46, 45, 50, 26, 47, 5, 22, 23, 42, 6, 25, 7, 30, 27, 2, 19, 34, 35, 21, 0]
-------------- with local search [1, 2, 3, 4] -> shuffle end -------------- 

-------------- with local search [1, 2, 3, 4] -> [4, 3, 2, 1] --------------
